l_corr f_corr u_precision u_recall ts_precision ts_recall method tau seed
0.595268782033721 0.595312369289563 0.96875 0.939393939393939 0.311111111111111 0.170731707317073 NBSFA 1000 10
-0.104903168137359 0.821411822137141 0.914285714285714 0.96969696969697 0.36318407960199 0.890243902439024 NMF 1000 10
-0.518484743411594 -0.618828950788154 0.6 1 0.4 0.780487804878049 PCA 1000 10
-0.574953178344275 -0.727850526642305 0.6 1 0.2875 0.560975609756098 softImpute 1000 10
0.422954816715424 0.430295248375591 0.075 0.0909090909090909 0.317647058823529 0.658536585365854 SSVD 1000 10
-0.490321803397519 -0.682387992202156 0.6 1 0.331210191082803 0.634146341463415 PMA_cv1 1000 10
0.442420676911327 0.480011949345291 0.417721518987342 1 0.201834862385321 0.536585365853659 PMA_cv2 1000 10
-0.726004306657204 -0.790282607818679 0.941176470588235 0.96969696969697 0.41 0.5 flashr_default 1000 10
0.895926938123134 0.832718543512544 0.767441860465116 1 0.73394495412844 0.975609756097561 flashr_backfit 1000 10
0.992252069477586 0.999977857581984 1 0.96969696969697 0.963855421686747 0.975609756097561 flashr_nn 1000 10
0.990618579692599 0.999693267946186 0.96969696969697 0.96969696969697 0.918604651162791 0.963414634146341 sn_spMF 1000 10
0.398189185555547 0.553064745491714 0.525 0.67741935483871 0.323076923076923 0.225806451612903 NBSFA 1000 1
0.095882473974089 0.778787073810747 0.966666666666667 0.935483870967742 0.438202247191011 0.838709677419355 NMF 1000 1
-0.834022451215378 -0.817820071692578 0.617021276595745 0.935483870967742 0.47682119205298 0.774193548387097 PCA 1000 1
-0.499295802004873 -0.565976041476608 0.617021276595745 0.935483870967742 0.390728476821192 0.634408602150538 softImpute 1000 1
-0.355136781134905 -0.629435281742139 0.617021276595745 0.935483870967742 0.276315789473684 0.451612903225806 SSVD 1000 1
0.507501312486227 0.436232715569304 0.4 0.516129032258065 0.421052631578947 0.688172043010753 PMA_cv1 1000 1
-0.411537175857588 -0.526012630403936 0.763157894736842 0.935483870967742 0.231075697211155 0.623655913978495 PMA_cv2 1000 1
-0.723925052820425 -0.760672177736241 0.966666666666667 0.935483870967742 0.525773195876289 0.548387096774194 flashr_default 1000 1
0.92244597265709 0.909548342961259 0.805555555555556 0.935483870967742 0.775700934579439 0.89247311827957 flashr_backfit 1000 1
0.991411840760781 0.999969486586535 1 0.935483870967742 0.987654320987654 0.860215053763441 flashr_nn 1000 1
0.987229383981569 0.998924155074251 0.966666666666667 0.935483870967742 0.898876404494382 0.860215053763441 sn_spMF 1000 1
0.79005728276011 0.822317013367022 1 0.972972972972973 0.947368421052632 0.391304347826087 NBSFA 1000 2
0.0293225630838175 0.809270739325594 0.948717948717949 1 0.369158878504673 0.858695652173913 NMF 1000 2
0.379726644992474 0.601371667858306 0.587301587301587 1 0.212765957446809 0.543478260869565 PCA 1000 2
0.436532616462156 0.68174189480234 0.587301587301587 1 0.259574468085106 0.66304347826087 softImpute 1000 2
-0.436151203755214 -0.569623363425297 0.587301587301587 1 0.327800829875519 0.858695652173913 SSVD 1000 2
-0.436490735067667 -0.681579021123099 0.587301587301587 1 0.260683760683761 0.66304347826087 PMA_cv1 1000 2
-0.497161114273772 -0.466575406852218 0.679245283018868 0.972972972972973 0.242677824267782 0.630434782608696 PMA_cv2 1000 2
0.699587117270473 0.755420771894759 1 1 0.528846153846154 0.597826086956522 flashr_default 1000 2
0.681571696527601 0.764602510951205 0.60655737704918 1 0.493975903614458 0.891304347826087 flashr_backfit 1000 2
0.999063676395795 0.999973572936014 0.973684210526316 1 0.967032967032967 0.956521739130435 flashr_nn 1000 2
0.997449519631763 0.999967890169967 1 1 0.967032967032967 0.956521739130435 sn_spMF 1000 2
-0.355389557437136 -0.442011067410761 0 0 0.6 0.404494382022472 NBSFA 1000 3
0.052044998892231 0.779657783075806 1 0.944444444444444 0.405660377358491 0.966292134831461 NMF 1000 3
-0.669156185152802 -0.665032312219367 0.654545454545455 1 0.409574468085106 0.865168539325843 PCA 1000 3
-0.839369295509308 -0.822092476426179 0.654545454545455 1 0.409574468085106 0.865168539325843 softImpute 1000 3
0.467097125971242 0.410976982663189 0.357142857142857 0.416666666666667 0.319587628865979 0.696629213483146 SSVD 1000 3
0.510261329866897 0.467182814810436 0.375 0.333333333333333 0.34020618556701 0.741573033707865 PMA_cv1 1000 3
-0.396617344244528 -0.481230429222538 0.555555555555556 0.972222222222222 0.25 0.595505617977528 PMA_cv2 1000 3
0.315053287417934 0.743966140749258 1 0.944444444444444 0.229885057471264 0.224719101123595 flashr_default 1000 3
0.954660041759375 0.976112530202869 1 0.944444444444444 0.913978494623656 0.955056179775281 flashr_backfit 1000 3
0.96574348578388 0.999980077420863 1 0.944444444444444 0.977011494252874 0.955056179775281 flashr_nn 1000 3
0.965845959905673 0.999918276878973 1 0.944444444444444 0.965909090909091 0.955056179775281 sn_spMF 1000 3
0.460455120878637 0.560178260587002 0.777777777777778 0.194444444444444 0.534883720930233 0.23469387755102 NBSFA 1000 4
-0.0665125320488882 0.820016818380612 0.972222222222222 0.972222222222222 0.42156862745098 0.877551020408163 NMF 1000 4
0.829587569838986 0.623101120877908 0.631578947368421 1 0.536585365853659 0.897959183673469 PCA 1000 4
0.676326515435175 0.661788669201832 0.631578947368421 1 0.347560975609756 0.581632653061224 softImpute 1000 4
-0.60171126252349 -0.719674737813712 0.631578947368421 1 0.375838926174497 0.571428571428571 SSVD 1000 4
0.472185549779574 0.532582980580129 0.24390243902439 0.277777777777778 0.423728813559322 0.76530612244898 PMA_cv1 1000 4
-0.425680580833781 -0.454682968338889 0.6 0.833333333333333 0.229166666666667 0.561224489795918 PMA_cv2 1000 4
-0.468171792753855 -0.790106969022802 1 0.972222222222222 0.444444444444444 0.489795918367347 flashr_default 1000 4
0.772740327679402 0.685201730160571 0.833333333333333 0.972222222222222 0.712765957446808 0.683673469387755 flashr_backfit 1000 4
0.99574710106039 0.999991551823891 1 0.972222222222222 0.989247311827957 0.938775510204082 flashr_nn 1000 4
0.991187914161309 0.999175665709959 1 0.972222222222222 0.910891089108911 0.938775510204082 sn_spMF 1000 4
0.515689102680195 0.741758730897372 1 0.621621621621622 1 0.114583333333333 NBSFA 1000 5
0.0602899307211758 0.833225531365724 1 0.945945945945946 0.406542056074766 0.90625 NMF 1000 5
-0.484366853024913 -0.564550794673074 0.666666666666667 0.972972972972973 0.373684210526316 0.739583333333333 PCA 1000 5
0.479241496320657 0.460762239798528 0.425531914893617 0.540540540540541 0.3248730964467 0.666666666666667 softImpute 1000 5
0.502030431772292 0.477933918585374 0.488372093023256 0.567567567567568 0.338624338624339 0.666666666666667 SSVD 1000 5
0.476861973785518 0.454485663370401 0.395348837209302 0.459459459459459 0.323232323232323 0.666666666666667 PMA_cv1 1000 5
-0.556998718618875 -0.586818729221845 0.653846153846154 0.918918918918919 0.270042194092827 0.666666666666667 PMA_cv2 1000 5
-0.742805366430428 -0.788544644348411 1 0.945945945945946 0.574257425742574 0.604166666666667 flashr_default 1000 5
0.848700610554665 0.801670015412989 1 0.945945945945946 0.764150943396226 0.84375 flashr_backfit 1000 5
0.9877325802354 0.9999890031444 1 0.918918918918919 0.955056179775281 0.885416666666667 flashr_nn 1000 5
0.982933329668891 0.99993973155199 1 0.918918918918919 0.955555555555556 0.895833333333333 sn_spMF 1000 5
0.71327025118863 0.717454424360576 1 0.0303030303030303 1 0.5 NBSFA 1000 6
-0.153692902819824 0.8125246644901 0.916666666666667 1 0.407216494845361 0.840425531914894 NMF 1000 6
0.623397849395012 0.569007420466636 0.6 1 0.423529411764706 0.765957446808511 PCA 1000 6
0.833215843188473 0.833883813405125 0.6 1 0.452941176470588 0.819148936170213 softImpute 1000 6
-0.371526443275523 -0.64600330638097 0.6 1 0.275 0.468085106382979 SSVD 1000 6
0.486819847159658 0.472529641255291 0.135135135135135 0.151515151515152 0.372340425531915 0.74468085106383 PMA_cv1 1000 6
-0.507882917431225 -0.51060288901037 0.62 0.939393939393939 0.282926829268293 0.617021276595745 PMA_cv2 1000 6
0.418754271899224 0.703278073723558 1 0.96969696969697 0.263157894736842 0.265957446808511 flashr_default 1000 6
0.977668985895827 0.999981669036963 1 0.96969696969697 0.966292134831461 0.914893617021277 flashr_backfit 1000 6
0.977674613926025 0.999986061369923 1 0.96969696969697 0.955555555555556 0.914893617021277 flashr_nn 1000 6
0.976104847333852 0.999545669240624 1 0.96969696969697 0.914893617021277 0.914893617021277 sn_spMF 1000 6
0.379086850004483 0.472976328320571 1 0.666666666666667 0.271186440677966 0.173913043478261 NBSFA 1000 7
-0.0057369728644766 0.616335502583128 0.935483870967742 0.966666666666667 0.393782383419689 0.826086956521739 NMF 1000 7
-0.75516022138822 -0.795886507926653 0.547169811320755 0.966666666666667 0.414012738853503 0.706521739130435 PCA 1000 7
-0.729513431252011 -0.624802450291411 0.547169811320755 0.966666666666667 0.522292993630573 0.891304347826087 softImpute 1000 7
0.452027959340776 0.549797740792163 0.137931034482759 0.133333333333333 0.408045977011494 0.771739130434783 SSVD 1000 7
0.440807085424189 0.52456825084074 0.137931034482759 0.133333333333333 0.373563218390805 0.706521739130435 PMA_cv1 1000 7
0.470427055922812 0.590064330729132 0.528301886792453 0.933333333333333 0.243654822335025 0.521739130434783 PMA_cv2 1000 7
0.96996304577004 0.99972240384512 0.964285714285714 0.9 0.954545454545455 0.91304347826087 flashr_default 1000 7
0.723003505645119 0.687082380984553 0.777777777777778 0.933333333333333 0.674418604651163 0.630434782608696 flashr_backfit 1000 7
0.971099354990167 0.999960740901601 1 0.9 0.988235294117647 0.91304347826087 flashr_nn 1000 7
0.969175542525409 0.999933434988554 1 0.9 0.988235294117647 0.91304347826087 sn_spMF 1000 7
-0.329964532471637 -0.581721501517225 0.153846153846154 0.0588235294117647 0.95 0.211111111111111 NBSFA 1000 8
-0.194382044697875 0.806165215288253 0.970588235294118 0.970588235294118 0.425837320574163 0.988888888888889 NMF 1000 8
0.494746117381099 0.613597165830253 0.641509433962264 1 0.26457399103139 0.655555555555556 PCA 1000 8
0.734161113633085 0.785025799279559 0.641509433962264 1 0.349775784753363 0.866666666666667 softImpute 1000 8
-0.464310074732778 -0.595725054032258 0.641509433962264 1 0.26457399103139 0.655555555555556 SSVD 1000 8
-0.534641445030392 -0.67511220900866 0.641509433962264 1 0.298701298701299 0.766666666666667 PMA_cv1 1000 8
-0.484545466008536 -0.518570676345898 0.645833333333333 0.911764705882353 0.199029126213592 0.455555555555556 PMA_cv2 1000 8
-0.769252047786848 -0.788338166656994 1 0.970588235294118 0.58252427184466 0.666666666666667 flashr_default 1000 8
0.896355438893936 0.929538109397601 0.891891891891892 0.970588235294118 0.6796875 0.966666666666667 flashr_backfit 1000 8
0.984292260030075 0.999982559167566 1 0.970588235294118 0.936170212765957 0.977777777777778 flashr_nn 1000 8
0.983195279289715 0.999924514145357 1 0.970588235294118 0.936170212765957 0.977777777777778 sn_spMF 1000 8
0.404160694675016 0.549394348144613 1 0.27906976744186 0.0689655172413793 0.0229885057471264 NBSFA 1000 9
-0.154845193881389 0.811727010185918 0.954545454545455 0.976744186046512 0.31651376146789 0.793103448275862 NMF 1000 9
-0.628058364168277 -0.718085306596112 0.67741935483871 0.976744186046512 0.305699481865285 0.67816091954023 PCA 1000 9
-0.663787273366187 -0.743004117590001 0.67741935483871 0.976744186046512 0.310880829015544 0.689655172413793 softImpute 1000 9
-0.48669570415468 -0.67860175029638 0.67741935483871 0.976744186046512 0.321637426900585 0.632183908045977 SSVD 1000 9
-0.48532176814812 -0.685383097472902 0.67741935483871 0.976744186046512 0.295918367346939 0.666666666666667 PMA_cv1 1000 9
0.364513390923227 0.540638731827297 0.692307692307692 0.837209302325581 0.192660550458716 0.482758620689655 PMA_cv2 1000 9
-0.783512382593519 -0.745383675407349 1 0.953488372093023 0.727272727272727 0.735632183908046 flashr_default 1000 9
0.749921962513248 0.667071856149783 1 0.953488372093023 0.616161616161616 0.701149425287356 flashr_backfit 1000 9
0.987104376871192 0.999992170990812 1 0.953488372093023 0.901098901098901 0.942528735632184 flashr_nn 1000 9
0.985003123312475 0.999975780408742 1 0.953488372093023 0.921348314606742 0.942528735632184 sn_spMF 1000 9
0.395901938942132 0.512601660328321 NA 0 0 0 NBSFA 100 10
-0.109037329000774 0.780108228163911 0.967741935483871 0.909090909090909 0.392670157068063 0.914634146341463 NMF 100 10
-0.736500997435085 -0.785265979602819 0.680851063829787 0.96969696969697 0.511111111111111 0.560975609756098 PCA 100 10
-0.574286839919741 -0.743460398090122 0.680851063829787 0.96969696969697 0.311111111111111 0.341463414634146 softImpute 100 10
-0.414256683269481 -0.712476227696095 0.864864864864865 0.96969696969697 0.0769230769230769 0.0487804878048781 SSVD 100 10
-0.503227253261638 -0.666332769082085 0.695652173913043 0.96969696969697 0.422222222222222 0.463414634146341 PMA_cv1 100 10
-0.634471945750615 -0.620452923482491 0.449275362318841 0.939393939393939 0.356060606060606 0.573170731707317 PMA_cv2 100 10
-0.714076848315582 -0.788576348691297 0.967741935483871 0.909090909090909 0.467532467532468 0.439024390243902 flashr_default 100 10
0.902504746529055 0.845722296275298 0.967741935483871 0.909090909090909 0.765957446808511 0.878048780487805 flashr_backfit 100 10
0.990140583584991 0.999778536611623 1 0.909090909090909 0.986111111111111 0.865853658536585 flashr_nn 100 10
0.983077293883014 0.993657608408015 0.967741935483871 0.909090909090909 0.888888888888889 0.878048780487805 sn_spMF 100 10
0.352830644526785 0.613615783734413 0.8 0.129032258064516 0.48 0.129032258064516 NBSFA 100 1
0.104276616074622 0.763818364434236 0.964285714285714 0.870967741935484 0.432624113475177 0.655913978494624 NMF 100 1
-0.714787782961049 -0.747761473937311 0.805555555555556 0.935483870967742 0.563380281690141 0.43010752688172 PCA 100 1
-0.507038399425292 -0.600337690996931 0.805555555555556 0.935483870967742 0.563380281690141 0.43010752688172 softImpute 100 1
0.481838579158926 0.442758991092882 0.357142857142857 0.161290322580645 0.454545454545455 0.43010752688172 SSVD 100 1
-0.316666261392929 -0.625311150790252 0.805555555555556 0.935483870967742 0.279411764705882 0.204301075268817 PMA_cv1 100 1
-0.504187868877227 -0.487397766005517 0.478260869565217 0.709677419354839 0.30952380952381 0.419354838709677 PMA_cv2 100 1
-0.720038007925425 -0.761170627967536 1 0.870967741935484 0.651515151515151 0.462365591397849 flashr_default 100 1
0.984340027873662 0.999598947519813 1 0.870967741935484 0.983606557377049 0.645161290322581 flashr_backfit 100 1
0.984296072539244 0.999721885499751 1 0.870967741935484 0.983606557377049 0.645161290322581 flashr_nn 100 1
0.982762514795851 0.999326008704314 1 0.870967741935484 0.983870967741935 0.655913978494624 sn_spMF 100 1
0.55525106301435 0.636059085453455 0 0 0.619047619047619 0.282608695652174 NBSFA 100 2
0.0352877785370386 0.795100621000741 0.972972972972973 0.972972972972973 0.401960784313726 0.891304347826087 NMF 100 2
0.554887115045749 0.67923617609667 0.649122807017544 1 0.348484848484849 0.5 PCA 100 2
0.56376630145677 0.680404544847268 0.649122807017544 1 0.462121212121212 0.66304347826087 softImpute 100 2
0.42665284146507 0.41987692653464 NA 0 0.517647058823529 0.478260869565217 SSVD 100 2
-0.425429558393009 -0.680663010305545 0.660714285714286 1 0.279411764705882 0.41304347826087 PMA_cv1 100 2
-0.523570982932573 -0.459422196354196 0.972972972972973 0.972972972972973 0.244791666666667 0.510869565217391 PMA_cv2 100 2
0.701537868515005 0.75647590640582 1 0.972972972972973 0.604938271604938 0.532608695652174 flashr_default 100 2
0.502443125439213 0.826398110801364 1 0.972972972972973 0.4625 0.402173913043478 flashr_backfit 100 2
0.995269329172025 0.99975301083571 0.972972972972973 0.972972972972973 0.9625 0.83695652173913 flashr_nn 100 2
0.993494569790505 0.99948039303192 1 0.972972972972973 0.9625 0.83695652173913 sn_spMF 100 2
-0.345578935549562 -0.4502079215183 0.333333333333333 0.0277777777777778 0.425925925925926 0.258426966292135 NBSFA 100 3
0.0439201936064514 0.766877571271112 0.970588235294118 0.916666666666667 0.293413173652695 0.550561797752809 NMF 100 3
-0.597930167623622 -0.578127889766566 0.714285714285714 0.972222222222222 0.455555555555556 0.460674157303371 PCA 100 3
-0.826019776039895 -0.835408686979731 0.714285714285714 0.972222222222222 0.644444444444444 0.651685393258427 softImpute 100 3
0.589353519251582 0.41803837933441 NA 0 0.54639175257732 0.595505617977528 SSVD 100 3
-0.423325514437048 -0.643218107522215 0.714285714285714 0.972222222222222 0.313953488372093 0.303370786516854 PMA_cv1 100 3
-0.376436564762546 -0.483996091684894 0.733333333333333 0.916666666666667 0.214285714285714 0.404494382022472 PMA_cv2 100 3
0.307789152470331 0.742283655167422 1 0.916666666666667 0.242857142857143 0.191011235955056 flashr_default 100 3
0.959859290215964 0.999537463145545 1 0.916666666666667 0.971428571428571 0.764044943820225 flashr_backfit 100 3
0.960109510245812 0.999770139949845 1 0.916666666666667 0.971428571428571 0.764044943820225 flashr_nn 100 3
0.958067252299231 0.999289081545069 1 0.916666666666667 0.971428571428571 0.764044943820225 sn_spMF 100 3
0.580691328842402 0.719658912487455 1 0.805555555555556 0.35 0.142857142857143 NBSFA 100 4
-0.0653347466153873 0.752278718096293 1 0.888888888888889 0.429411764705882 0.744897959183674 NMF 100 4
0.712136519196803 0.649657492261455 0.727272727272727 0.888888888888889 0.561224489795918 0.561224489795918 PCA 100 4
0.663153268297159 0.663825586286684 0.727272727272727 0.888888888888889 0.438775510204082 0.438775510204082 softImpute 100 4
-0.537629766496272 -0.814634549114508 0.711111111111111 0.888888888888889 0.457831325301205 0.387755102040816 SSVD 100 4
0.471009506515448 0.544986581621266 0.260869565217391 0.166666666666667 0.546218487394958 0.663265306122449 PMA_cv1 100 4
-0.375661412357166 -0.572818396368405 0.8 0.666666666666667 0.213333333333333 0.163265306122449 PMA_cv2 100 4
-0.463775092731666 -0.789442643203359 1 0.861111111111111 0.493827160493827 0.408163265306122 flashr_default 100 4
0.770907825144828 0.681758773074392 1 0.861111111111111 0.702702702702703 0.530612244897959 flashr_backfit 100 4
0.99181057212464 0.999911783320097 1 0.861111111111111 0.986486486486487 0.744897959183674 flashr_nn 100 4
0.987693815025828 0.999128491804251 1 0.861111111111111 0.987012987012987 0.775510204081633 sn_spMF 100 4
0.511226882103959 0.684268168969953 1 0.0810810810810811 0.833333333333333 0.15625 NBSFA 100 5
0.0450635571748074 0.782113618379045 1 0.918918918918919 0.379679144385027 0.739583333333333 NMF 100 5
-0.519560742304576 -0.591223942593919 0.825 0.891891891891892 0.489583333333333 0.489583333333333 PCA 100 5
0.475212858351427 0.463103252231274 0.269230769230769 0.189189189189189 0.418181818181818 0.479166666666667 softImpute 100 5
0.552735515375197 0.429667750135361 NA 0 0.506849315068493 0.385416666666667 SSVD 100 5
0.462290709395756 0.445703972115088 0.24 0.162162162162162 0.42156862745098 0.447916666666667 PMA_cv1 100 5
-0.466075198184987 -0.430339603167006 0.659574468085106 0.837837837837838 0.254777070063694 0.416666666666667 PMA_cv2 100 5
-0.747421388381138 -0.787073446090044 1 0.891891891891892 0.614285714285714 0.447916666666667 flashr_default 100 5
0.743420621218831 0.763316135788286 1 0.891891891891892 0.614285714285714 0.447916666666667 flashr_backfit 100 5
0.984428521537244 0.999872081835264 1 0.891891891891892 0.956521739130435 0.6875 flashr_nn 100 5
0.982105180835266 0.999682243580683 1 0.891891891891892 0.943661971830986 0.697916666666667 sn_spMF 100 5
0.631859260834861 0.605830190486628 0.666666666666667 0.0606060606060606 0.72972972972973 0.287234042553192 NBSFA 100 6
-0.152041287240415 0.788877213072134 0.966666666666667 0.878787878787879 0.401162790697674 0.734042553191489 NMF 100 6
0.644901141946336 0.574033781929543 0.673913043478261 0.939393939393939 0.617021276595745 0.617021276595745 PCA 100 6
0.590638548724815 0.651067845700423 0.673913043478261 0.939393939393939 0.553191489361702 0.553191489361702 softImpute 100 6
-0.449753655239395 -0.772137601082153 0.775 0.939393939393939 0.2 0.106382978723404 SSVD 100 6
-0.365476671902606 -0.674179836939304 0.673913043478261 0.939393939393939 0.361702127659574 0.361702127659574 PMA_cv1 100 6
-0.324169723365482 -0.563618509699133 0.84375 0.818181818181818 0.0978260869565217 0.0957446808510638 PMA_cv2 100 6
0.4242694045982 0.703092202641427 1 0.878787878787879 0.283783783783784 0.223404255319149 flashr_default 100 6
0.971502690884479 0.999817914501 1 0.878787878787879 0.957142857142857 0.712765957446808 flashr_backfit 100 6
0.971524746530326 0.999857838079984 1 0.878787878787879 0.957142857142857 0.712765957446808 flashr_nn 100 6
0.969445379822293 0.999809994526627 1 0.878787878787879 0.957142857142857 0.712765957446808 sn_spMF 100 6
-0.241132788060287 -0.471895887819352 0 0 0.8 0.173913043478261 NBSFA 100 7
-0.0081172989155066 0.776585755735098 1 0.833333333333333 0.401273885350318 0.684782608695652 NMF 100 7
-0.494742475475642 -0.680316400759853 0.675 0.9 0.404761904761905 0.369565217391304 PCA 100 7
-0.677263319367736 -0.635102608518681 0.675 0.9 0.642857142857143 0.58695652173913 softImpute 100 7
0.484788881523684 0.578874806171403 0.117647058823529 0.0666666666666667 0.523255813953488 0.489130434782609 SSVD 100 7
0.491446636988127 0.431125835327414 0.0476190476190476 0.0333333333333333 0.505263157894737 0.521739130434783 PMA_cv1 100 7
-0.581969628174048 -0.397006278523599 0.65 0.866666666666667 0.291666666666667 0.380434782608696 PMA_cv2 100 7
0.963587350730747 0.999267083105423 1 0.833333333333333 0.983870967741935 0.66304347826087 flashr_default 100 7
0.728357369209713 0.681666240879219 1 0.833333333333333 0.682539682539683 0.467391304347826 flashr_backfit 100 7
0.968477348796421 0.999467950728363 1 0.833333333333333 0.983870967741935 0.66304347826087 flashr_nn 100 7
0.968748752530731 0.999503265220903 1 0.833333333333333 0.983870967741935 0.66304347826087 sn_spMF 100 7
0.477620419956484 0.571279379369004 NA 0 0 0 NBSFA 100 8
-0.196555437553534 0.797637017256612 0.967741935483871 0.882352941176471 0.341614906832298 0.611111111111111 NMF 100 8
0.417149125031712 0.656182280406439 0.704545454545455 0.911764705882353 0.253731343283582 0.377777777777778 PCA 100 8
0.703528658971183 0.778225863943509 0.704545454545455 0.911764705882353 0.425373134328358 0.633333333333333 softImpute 100 8
0.539847509206984 0.550107103793904 0.166666666666667 0.0882352941176471 0.488188976377953 0.688888888888889 SSVD 100 8
-0.508116384379813 -0.675652580137719 0.704545454545455 0.911764705882353 0.390070921985816 0.611111111111111 PMA_cv1 100 8
-0.40227374675748 -0.605255507902158 0.731707317073171 0.882352941176471 0.202898550724638 0.311111111111111 PMA_cv2 100 8
-0.768390464124383 -0.792159416614405 1 0.852941176470588 0.613333333333333 0.511111111111111 flashr_default 100 8
0.981738618398488 0.999777378825455 1 0.852941176470588 0.946666666666667 0.788888888888889 flashr_backfit 100 8
0.98135310267838 0.99983849882589 1 0.852941176470588 0.934210526315789 0.788888888888889 flashr_nn 100 8
0.981278070133408 0.999492358105958 1 0.852941176470588 0.947368421052632 0.8 sn_spMF 100 8
0.459988842360986 0.533063641476178 1 0.0232558139534884 0.363636363636364 0.0919540229885057 NBSFA 100 9
-0.143898775936707 0.749402655516914 0.948717948717949 0.86046511627907 0.266666666666667 0.551724137931034 NMF 100 9
-0.579993826387917 -0.704982786765955 0.75 0.906976744186046 0.361111111111111 0.448275862068966 PCA 100 9
-0.625930669350007 -0.707776483105209 0.75 0.906976744186046 0.361111111111111 0.448275862068966 softImpute 100 9
-0.495783206321297 -0.701052045142549 0.902439024390244 0.86046511627907 0.192307692307692 0.114942528735632 SSVD 100 9
-0.471293148022146 -0.671455077262255 0.75 0.906976744186046 0.336448598130841 0.413793103448276 PMA_cv1 100 9
0.351720445069357 0.565251386094785 0.793103448275862 0.534883720930233 0.173652694610778 0.333333333333333 PMA_cv2 100 9
-0.774877450705006 -0.745222999609984 1 0.86046511627907 0.712121212121212 0.540229885057471 flashr_default 100 9
0.780472834249798 0.681234245387105 1 0.86046511627907 0.712121212121212 0.540229885057471 flashr_backfit 100 9
0.982903651538774 0.999892320863928 1 0.86046511627907 0.938461538461538 0.701149425287356 flashr_nn 100 9
0.979426413324462 0.999809825731517 1 0.86046511627907 0.953125 0.701149425287356 sn_spMF 100 9
0.580876763681351 0.724688934255371 NA 0 NA 0 NBSFA 10 10
-0.132367213787841 0.747703627400053 1 0.363636363636364 0.40625 0.317073170731707 NMF 10 10
-0.447442615783156 -0.655106918743573 0.857142857142857 0.727272727272727 0.681818181818182 0.182926829268293 PCA 10 10
-0.559426987261847 -0.770273529969786 0.857142857142857 0.727272727272727 0.454545454545455 0.121951219512195 softImpute 10 10
-0.454920259356445 -0.668204304774973 1 0.787878787878788 0.111111111111111 0.0121951219512195 SSVD 10 10
-0.416332584022275 -0.704687867654918 0.888888888888889 0.727272727272727 0.428571428571429 0.109756097560976 PMA_cv1 10 10
0.375564007101049 0.476634754871592 0.833333333333333 0.151515151515152 0.183098591549296 0.158536585365854 PMA_cv2 10 10
0.532957187758573 0.725551324507825 0.96551724137931 0.848484848484849 NA 0 flashr_default 10 10
0.658542535086292 0.752264111823881 1 0.515151515151515 0.368421052631579 0.0853658536585366 flashr_backfit 10 10
0.931644580490297 0.9972407046483 1 0.484848484848485 0.947368421052632 0.219512195121951 flashr_nn 10 10
0.845593955230391 0.904524531222048 1 0.0909090909090909 NA 0 sn_spMF 10 10
0.537185074914629 0.537083251673661 NA 0 NA 0 NBSFA 10 1
0.107294317623161 0.655004528487601 1 0.193548387096774 0.40625 0.139784946236559 NMF 10 1
-0.513946357836724 -0.698142441166072 0.9 0.580645161290323 0.8 0.172043010752688 PCA 10 1
-0.544273479181176 -0.670730574296057 0.9 0.580645161290323 0.65 0.139784946236559 softImpute 10 1
0.487362456445735 0.387529835829403 NA 0 0.380952380952381 0.0860215053763441 SSVD 10 1
0.429831196883942 0.438001532584039 0.5 0.032258064516129 0.594594594594595 0.236559139784946 PMA_cv1 10 1
-0.371209193234115 -0.430401268297869 0.785714285714286 0.354838709677419 0.346153846153846 0.0967741935483871 PMA_cv2 10 1
-0.448728944984428 -0.722657412098951 1 0.645161290322581 NA 0 flashr_default 10 1
0.943711549148012 0.996334107052244 1 0.419354838709677 0.962962962962963 0.279569892473118 flashr_backfit 10 1
0.941929936019728 0.997569506010196 1 0.419354838709677 0.961538461538462 0.268817204301075 flashr_nn 10 1
0.814082451784741 0.920037827692953 1 0.290322580645161 0.727272727272727 0.0860215053763441 sn_spMF 10 1
0.707150292454344 0.874897139922473 NA 0 NA 0 NBSFA 10 2
0.0193516817400373 0.569936949615028 1 0.648648648648649 0.355932203389831 0.228260869565217 NMF 10 2
0.523908622927117 0.625887032790414 0.815789473684211 0.837837837837838 0.558139534883721 0.260869565217391 PCA 10 2
0.721659178540379 0.801299164067986 0.815789473684211 0.837837837837838 0.720930232558139 0.33695652173913 softImpute 10 2
0.307363490232432 0.312817793524206 NA 0 0.333333333333333 0.184782608695652 SSVD 10 2
0.374028881611405 0.44104796981549 0.333333333333333 0.027027027027027 0.459459459459459 0.369565217391304 PMA_cv1 10 2
-0.288695568280265 -0.432679499291847 0.807692307692308 0.567567567567568 0.192982456140351 0.119565217391304 PMA_cv2 10 2
0.473388472506402 0.726931884352504 0.909090909090909 0.810810810810811 NA 0 flashr_default 10 2
0.491983562586506 0.815968119177557 1 0.540540540540541 0.666666666666667 0.217391304347826 flashr_backfit 10 2
0.95816159639252 0.998164796110668 1 0.540540540540541 0.966666666666667 0.315217391304348 flashr_nn 10 2
0.934173670722542 0.994178507543387 1 0.540540540540541 0.966666666666667 0.315217391304348 sn_spMF 10 2
0.551450455003788 0.544513072607385 NA 0 NA 0 NBSFA 10 3
0.0240577506599238 0.734944602254927 1 0.388888888888889 0.612903225806452 0.213483146067416 NMF 10 3
-0.373051011860628 -0.689120242510586 0.848484848484849 0.777777777777778 0.416666666666667 0.112359550561798 PCA 10 3
-0.753873592509132 -0.889748050212047 0.818181818181818 0.75 0.833333333333333 0.224719101123595 softImpute 10 3
-0.389002938349564 -0.685005576795787 0.962962962962963 0.722222222222222 0.125 0.0112359550561798 SSVD 10 3
0.442353504146932 0.525458580611803 0.333333333333333 0.0277777777777778 0.425925925925926 0.258426966292135 PMA_cv1 10 3
-0.424371577625878 -0.419268538261578 0.909090909090909 0.277777777777778 0.243243243243243 0.101123595505618 PMA_cv2 10 3
0.387455016492977 0.751586488613857 1 0.694444444444444 0.222222222222222 0.0449438202247191 flashr_default 10 3
0.82398588572556 0.859592391282241 1 0.75 0.952380952380952 0.224719101123595 flashr_backfit 10 3
0.912891976389157 0.99804054631413 1 0.333333333333333 0.941176470588235 0.179775280898876 flashr_nn 10 3
0.718018032526415 0.659637718702576 1 0.277777777777778 0.578947368421053 0.247191011235955 sn_spMF 10 3
0.661380593461528 0.728840103765581 1 0.333333333333333 1 0.0204081632653061 NBSFA 10 4
-0.0588401202139364 0.59679762826015 0.9375 0.416666666666667 0.391304347826087 0.36734693877551 NMF 10 4
0.687592079120161 0.697248128083169 0.962962962962963 0.722222222222222 0.722222222222222 0.13265306122449 PCA 10 4
0.562552730962446 0.718409102223107 0.962962962962963 0.722222222222222 0.388888888888889 0.0714285714285714 softImpute 10 4
-0.5105893927394 -0.703192592508456 0.923076923076923 0.666666666666667 0.333333333333333 0.0408163265306122 SSVD 10 4
0.425347085024765 0.547569301001692 0.333333333333333 0.0555555555555556 0.375 0.153061224489796 PMA_cv1 10 4
-0.544444618777256 -0.404585333033452 0.941176470588235 0.444444444444444 0.265625 0.173469387755102 PMA_cv2 10 4
0.504821324873392 0.386348032868514 NA 0 0.521739130434783 0.244897959183673 flashr_default 10 4
0.928931692138205 0.996369424990815 1 0.638888888888889 1 0.204081632653061 flashr_backfit 10 4
0.929128224809866 0.997728971266711 1 0.638888888888889 1 0.193877551020408 flashr_nn 10 4
0.888909350905328 0.986452186938697 1 0.638888888888889 0.947368421052632 0.183673469387755 sn_spMF 10 4
0.37135127739913 0.630483904636949 NA 0 NA 0 NBSFA 10 5
0.0283274758587502 0.732515643874137 1 0.567567567567568 0.375 0.28125 NMF 10 5
-0.508959945830214 -0.596839778917283 1 0.702702702702703 0.75 0.09375 PCA 10 5
-0.617607559768507 -0.695243475470776 1 0.702702702702703 0.916666666666667 0.114583333333333 softImpute 10 5
-0.375237810404041 -0.674390663856269 1 0.702702702702703 0 0 SSVD 10 5
0.440239788861487 0.482755241625707 0 0 0.348837209302326 0.15625 PMA_cv1 10 5
0.427457439796267 0.512048122920661 0.772727272727273 0.459459459459459 0.169811320754717 0.09375 PMA_cv2 10 5
-0.489481932374319 -0.727140388951703 1 0.702702702702703 NA 0 flashr_default 10 5
0.735889686735237 0.755306371379478 1 0.621621621621622 0.727272727272727 0.166666666666667 flashr_backfit 10 5
0.93902237732265 0.998410715750527 1 0.621621621621622 1 0.229166666666667 flashr_nn 10 5
0.704947402765624 0.842860868005629 1 0.486486486486487 1 0.1875 sn_spMF 10 5
0.413069704655917 0.562475450825593 NA 0 NA 0 NBSFA 10 6
-0.15561486077942 0.640848549674784 0.882352941176471 0.454545454545455 0.348484848484849 0.24468085106383 NMF 10 6
0.551282307541386 0.683041363843754 0.838709677419355 0.787878787878788 0.56 0.148936170212766 PCA 10 6
0.577701561199359 0.699968176644735 0.838709677419355 0.787878787878788 0.44 0.117021276595745 softImpute 10 6
-0.41241287162793 -0.710369700053436 0.925925925925926 0.757575757575758 0.25 0.0319148936170213 SSVD 10 6
0.439026837410366 0.393328306158573 0 0 0.333333333333333 0.180851063829787 PMA_cv1 10 6
-0.463739019855873 -0.451609127576087 1 0.0606060606060606 0.204545454545455 0.0957446808510638 PMA_cv2 10 6
0.506141251445629 0.792753313846184 1 0.545454545454545 0.375 0.0957446808510638 flashr_default 10 6
0.921597247376937 0.99789783463635 1 0.545454545454545 0.904761904761905 0.202127659574468 flashr_backfit 10 6
0.920387949422545 0.997892091308088 1 0.515151515151515 0.888888888888889 0.170212765957447 flashr_nn 10 6
0.651133555272452 0.651388757231624 0.941176470588235 0.484848484848485 0.387096774193548 0.25531914893617 sn_spMF 10 6
0.560882447054297 0.673590538483303 NA 0 NA 0 NBSFA 10 7
-0.0112794796792657 0.706720867094223 1 0.333333333333333 0.5 0.239130434782609 NMF 10 7
-0.373935470143467 -0.641534856306301 0.774193548387097 0.8 0.35 0.0760869565217391 PCA 10 7
-0.439690401898823 -0.734075946373131 0.774193548387097 0.8 0.5 0.108695652173913 softImpute 10 7
-0.374266122943868 -0.530534071582059 1 0.633333333333333 NA 0 SSVD 10 7
0.36299062321771 0.487367547636094 0.2 0.0333333333333333 0.333333333333333 0.152173913043478 PMA_cv1 10 7
0.440130253074629 0.473017893579901 0.888888888888889 0.266666666666667 0.128205128205128 0.0543478260869565 PMA_cv2 10 7
0.651876321829398 0.815387569867838 0.96 0.8 1 0.0760869565217391 flashr_default 10 7
0.745905375689036 0.768486409264165 0.954545454545455 0.7 0.666666666666667 0.130434782608696 flashr_backfit 10 7
0.709764516342912 0.76707527299561 0.961538461538462 0.833333333333333 0.9 0.0978260869565217 flashr_nn 10 7
0.825226713309537 0.946686183756668 1 0.5 1 0.16304347826087 sn_spMF 10 7
0.456922007069647 0.478343127197698 NA 0 NA 0 NBSFA 10 8
-0.20171385871009 0.719417948453933 1 0.529411764705882 0.444444444444444 0.4 NMF 10 8
0.429919660378401 0.72939334784206 0.875 0.823529411764706 0.5 0.144444444444444 PCA 10 8
0.5375334670682 0.719254012550379 0.875 0.823529411764706 0.192307692307692 0.0555555555555556 softImpute 10 8
0.463163237850788 0.428517706035551 0 0 0.340909090909091 0.166666666666667 SSVD 10 8
-0.419511806838669 -0.640944203190063 0.875 0.823529411764706 0.296296296296296 0.0888888888888889 PMA_cv1 10 8
0.376650900237991 0.400989179206465 0.866666666666667 0.382352941176471 0.234375 0.166666666666667 PMA_cv2 10 8
-0.65914332485822 -0.818491914666082 0.75 0.794117647058823 0.833333333333333 0.111111111111111 flashr_default 10 8
0.659451339160669 0.757376442082294 1 0.647058823529412 0.518518518518518 0.155555555555556 flashr_backfit 10 8
0.945784344765236 0.998872950606795 1 0.558823529411765 0.961538461538462 0.277777777777778 flashr_nn 10 8
0.824597471374721 0.845632282633423 1 0.529411764705882 0.833333333333333 0.166666666666667 sn_spMF 10 8
0.491657674977693 0.515895180217797 NA 0 0.5 0.0114942528735632 NBSFA 10 9
-0.113753865740977 0.762994278862439 1 0.558139534883721 0.292682926829268 0.275862068965517 NMF 10 9
-0.671174238866058 -0.771187597155326 0.848484848484849 0.651162790697674 0.655172413793103 0.218390804597701 PCA 10 9
-0.570642605098633 -0.714924075218215 0.828571428571429 0.674418604651163 0.424242424242424 0.160919540229885 softImpute 10 9
-0.494383407650692 -0.628000285310059 1 0.604651162790698 0.375 0.0344827586206897 SSVD 10 9
-0.502790016821473 -0.692941127280466 0.875 0.651162790697674 0.5 0.183908045977011 PMA_cv1 10 9
-0.32269601966562 -0.461623154514992 0.869565217391304 0.465116279069767 0.176470588235294 0.0689655172413793 PMA_cv2 10 9
-0.537178893101617 -0.699497928758593 1 0.558139534883721 0.333333333333333 0.114942528735632 flashr_default 10 9
0.743644161544258 0.676708103612911 1 0.558139534883721 0.620689655172414 0.206896551724138 flashr_backfit 10 9
0.941415420751168 0.998866221506812 1 0.558139534883721 0.931034482758621 0.310344827586207 flashr_nn 10 9
0.898792219378187 0.994674185100264 1 0.558139534883721 0.903225806451613 0.32183908045977 sn_spMF 10 9
0.223007687379842 0.327810318342085 NA 0 NA 0 NBSFA 1 10
0.0724349915145485 0.279922089082331 NA 0 NA 0 NMF 1 10
0.369840376004808 0.601493778360489 1 0.303030303030303 0 0 PCA 1 10
-0.281408976195281 -0.6341314731743 1 0.272727272727273 0.125 0.0121951219512195 softImpute 1 10
-0.365165734419783 -0.56832142070975 NA 0 NA 0 SSVD 1 10
-0.324027613583811 -0.539456490738069 1 0.0606060606060606 NA 0 PMA_cv1 1 10
0.106963683713615 0.405954598002193 NA 0 1 0.0121951219512195 PMA_cv2 1 10
0.485266723522134 0.717017768126448 0.794 0.928571428571429 0.11304347826087 0.485266723522134 flashr_default 1 10
0.49054716980215 0.716157992021687 0.794 0.928571428571429 0.11304347826087 0.49054716980215 flashr_backfit 1 10
0.490567058780287 0.722782628658666 0.792 0.923076923076923 0.104347826086957 0.490567058780287 flashr_nn 1 10
0.150793168099809 0.34599568901112 1 0.0303030303030303 0 0 sn_spMF 1 10
-0.185945348749979 -0.448782610281107 NA 0 NA 0 NBSFA 1 1
0.0972912226306707 0.301370338180427 NA 0 NA 0 NMF 1 1
-0.224678891937155 -0.495923964697078 NA 0 NA 0 PCA 1 1
-0.258086260873362 -0.460432332685707 NA 0 NA 0 softImpute 1 1
-0.301759000143028 -0.593078064918238 1 0.0645161290322581 NA 0 SSVD 1 1
0.201334996780996 0.464750364934922 0 0 0.2 0.010752688172043 PMA_cv1 1 1
-0.28884664602269 -0.36408742132374 NA 0 NA 0 PMA_cv2 1 1
-0.409700707642719 -0.702817288977847 1 0.193548387096774 NA 0 flashr_default 1 1
0.411669245738001 0.707620470270419 1 0.193548387096774 NA 0 flashr_backfit 1 1
0.413468888036632 0.717334460753171 1 0.225806451612903 NA 0 flashr_nn 1 1
0.327549823428263 0.387978192964828 NA 0 NA 0 sn_spMF 1 1
0.221577791978806 0.515764218663379 NA 0 NA 0 NBSFA 1 2
0.084873260098146 0.193220789937372 NA 0 NA 0 NMF 1 2
0.354671515113715 0.619683096613108 1 0.243243243243243 0.333333333333333 0.0108695652173913 PCA 1 2
0.33459604826089 0.590026541734895 1 0.189189189189189 0.333333333333333 0.0108695652173913 softImpute 1 2
-0.304421414502625 -0.525741755813776 1 0.189189189189189 0 0 SSVD 1 2
-0.351571640555196 -0.546352119902604 NA 0 NA 0 PMA_cv1 1 2
-0.365503649188853 -0.485912657903775 NA 0 NA 0 PMA_cv2 1 2
0.41043104686606 0.71219901845402 0.857142857142857 0.486486486486487 NA 0 flashr_default 1 2
0.408744998722175 0.709638940579681 0.857142857142857 0.486486486486487 NA 0 flashr_backfit 1 2
0.41004958536971 0.715289500608508 0.863636363636364 0.513513513513513 NA 0 flashr_nn 1 2
0.408098848149533 0.384288387298272 0 0 0.333333333333333 0.0108695652173913 sn_spMF 1 2
0.241692545054888 0.439823378024496 NA 0 NA 0 NBSFA 1 3
0.0107479587530853 0.302105923748428 NA 0 1 0.0112359550561798 NMF 1 3
-0.18800155947383 -0.523238136599421 1 0.0277777777777778 0 0 PCA 1 3
-0.242224295758168 -0.515445948223268 1 0.0277777777777778 0 0 softImpute 1 3
-0.216958257786001 -0.50123991551601 NA 0 NA 0 SSVD 1 3
-0.288711927697692 -0.512218882166568 NA 0 NA 0 PMA_cv1 1 3
-0.198726992785211 -0.281703472596681 NA 0 NA 0 PMA_cv2 1 3
-0.386615996891051 -0.705532894775857 1 0.138888888888889 NA 0 flashr_default 1 3
0.397111109136417 0.70564277820317 1 0.166666666666667 NA 0 flashr_backfit 1 3
0.399392185410735 0.716502744075141 1 0.166666666666667 NA 0 flashr_nn 1 3
0.325128517355559 0.44927216005538 NA 0 NA 0 sn_spMF 1 3
0.328385526254377 0.48339406370188 NA 0 NA 0 NBSFA 1 4
-0.0145962173137356 0.49568217471749 1 0.0277777777777778 0.666666666666667 0.0204081632653061 NMF 1 4
-0.344152937898049 -0.609537003780247 1 0.138888888888889 1 0.0102040816326531 PCA 1 4
0.339003071160367 0.601101134237142 1 0.138888888888889 1 0.0102040816326531 softImpute 1 4
-0.42768890458274 -0.586250135202878 1 0.0277777777777778 NA 0 SSVD 1 4
0.242770200795048 0.46359231171445 NA 0 0 0 PMA_cv1 1 4
-0.297018915059883 -0.281703472596681 NA 0 NA 0 PMA_cv2 1 4
-0.527981078470518 -0.715869401050657 1 0.25 NA 0 flashr_default 1 4
0.524841778524043 0.716717749050175 1 0.25 NA 0 flashr_backfit 1 4
0.524494603774385 0.722127283193279 1 0.25 NA 0 flashr_nn 1 4
0.269743960244557 0.29899822539786 NA 0 NA 0 sn_spMF 1 4
0.182255249133088 0.582008267504004 NA 0 NA 0 NBSFA 1 5
0.0632750130405541 0.333451570670829 NA 0 0 0 NMF 1 5
-0.324968179476566 -0.611505295349413 1 0.135135135135135 0 0 PCA 1 5
-0.265274579554539 -0.598214328358112 1 0.135135135135135 0 0 softImpute 1 5
-0.269329305774426 -0.61516887008084 NA 0 NA 0 SSVD 1 5
-0.225513770668422 -0.596774399411939 1 0.108108108108108 0 0 PMA_cv1 1 5
0.246530937072523 0.526267114159065 NA 0 NA 0 PMA_cv2 1 5
-0.436544756696148 -0.71549045286912 1 0.27027027027027 NA 0 flashr_default 1 5
0.435385732120683 0.716006336504492 1 0.243243243243243 NA 0 flashr_backfit 1 5
0.435403907985776 0.716275042217897 1 0.243243243243243 NA 0 flashr_nn 1 5
0.26128149307863 0.430114189271978 NA 0 NA 0 sn_spMF 1 5
0.233005885669261 0.444115102214374 NA 0 NA 0 NBSFA 1 6
-0.0419471875742814 0.309254897044098 NA 0 NA 0 NMF 1 6
0.344763540948393 0.571953777510624 1 0.0909090909090909 NA 0 PCA 1 6
0.296638614664538 0.535322229525302 1 0.0909090909090909 NA 0 softImpute 1 6
-0.268165474184299 -0.58695278006911 1 0.121212121212121 0.333333333333333 0.0106382978723404 SSVD 1 6
-0.460185152322785 -0.669864154852092 1 0.181818181818182 0.5 0.0106382978723404 PMA_cv1 1 6
-0.30788632723147 -0.487636985031283 NA 0 NA 0 PMA_cv2 1 6
0.490193859600038 0.718138976509844 0.875 0.212121212121212 NA 0 flashr_default 1 6
0.49036559647265 0.717916544695878 0.875 0.212121212121212 NA 0 flashr_backfit 1 6
0.4919273759909 0.724267317700907 0.875 0.212121212121212 NA 0 flashr_nn 1 6
0.439930237213232 0.470877604678779 1 0.0909090909090909 0.25 0.0106382978723404 sn_spMF 1 6
0.209127152454169 0.443819417235477 NA 0 NA 0 NBSFA 1 7
0.0597306911317051 0.37763265847391 NA 0 NA 0 NMF 1 7
-0.291791144392449 -0.583808446448364 1 0.1 0 0 PCA 1 7
-0.14851693546658 -0.551784035560831 1 0.1 0 0 softImpute 1 7
-0.238438363515211 -0.576964397334862 1 0.0333333333333333 NA 0 SSVD 1 7
-0.274154740341837 -0.636870979062739 1 0.0333333333333333 NA 0 PMA_cv1 1 7
0.131447054734661 0.446780779834277 NA 0 NA 0 PMA_cv2 1 7
0.414132874988937 0.686975313184288 1 0.3 NA 0 flashr_default 1 7
0.419050046220403 0.691039804527726 1 0.3 NA 0 flashr_backfit 1 7
0.421035852083997 0.702998192136927 1 0.3 NA 0 flashr_nn 1 7
0.211432850285542 0.272575945573543 NA 0 NA 0 sn_spMF 1 7
0.265390169879844 0.435206270676598 NA 0 NA 0 NBSFA 1 8
-0.126672407714786 0.349370195799308 NA 0 NA 0 NMF 1 8
0.314214851954445 0.533409438116375 1 0.0882352941176471 0.333333333333333 0.0111111111111111 PCA 1 8
0.319344966873229 0.525599911049406 1 0.0882352941176471 0.333333333333333 0.0111111111111111 softImpute 1 8
-0.330522508879615 -0.55259936834244 NA 0 NA 0 SSVD 1 8
-0.511484060104391 -0.705505740349566 1 0.0588235294117647 1 0.0333333333333333 PMA_cv1 1 8
0.266087615932084 0.506364393555228 0.333333333333333 0.0294117647058824 0.5 0.0222222222222222 PMA_cv2 1 8
-0.454271417350869 -0.712211811901328 0.928571428571429 0.382352941176471 NA 0 flashr_default 1 8
0.425231150708509 0.673692690627589 1 0.294117647058824 0.5 0.0111111111111111 flashr_backfit 1 8
0.459990247446168 0.72073547067964 0.916666666666667 0.323529411764706 NA 0 flashr_nn 1 8
0.498515162989792 0.5256689980208 0 0 0.75 0.0333333333333333 sn_spMF 1 8
0.293390421770881 0.488602438238242 NA 0 NA 0 NBSFA 1 9
-0.0547045102333656 0.365663586566856 NA 0 0 0 NMF 1 9
-0.356093884652339 -0.584615332453245 1 0.0697674418604651 NA 0 PCA 1 9
-0.370103221090202 -0.637228316127643 1 0.0697674418604651 NA 0 softImpute 1 9
-0.362480391454214 -0.545342631645217 1 0.116279069767442 0 0 SSVD 1 9
-0.570231636366492 -0.74965835553186 1 0.162790697674419 0.5 0.0114942528735632 PMA_cv1 1 9
-0.378160807398618 -0.431395711727661 NA 0 NA 0 PMA_cv2 1 9
-0.572576101133376 -0.720143657714419 0.952380952380952 0.465116279069767 NA 0 flashr_default 1 9
0.571073593961292 0.722704610450643 0.956521739130435 0.511627906976744 NA 0 flashr_backfit 1 9
0.571363030723467 0.725887909614936 0.956521739130435 0.511627906976744 NA 0 flashr_nn 1 9
0.318040997644362 0.399421103264034 NA 0 NA 0 sn_spMF 1 9
0.405751775447225 0.512317660548411 NA 0 0 0 NBSFA 20 10
-0.121325430918765 0.76806530212042 1 0.727272727272727 0.414141414141414 0.5 NMF 20 10
-0.47984749681616 -0.656054382358144 0.823529411764706 0.848484848484849 0.55 0.268292682926829 PCA 20 10
-0.572079398105452 -0.767607720004014 0.823529411764706 0.848484848484849 0.35 0.170731707317073 softImpute 20 10
-0.616935385690462 -0.755407898807052 0.96551724137931 0.848484848484849 0.75 0.182926829268293 SSVD 20 10
-0.454583898326114 -0.706289203964125 0.8 0.848484848484849 0.476190476190476 0.24390243902439 PMA_cv1 20 10
-0.397113261785867 -0.446168429430793 0.585365853658537 0.727272727272727 0.151515151515152 0.121951219512195 PMA_cv2 20 10
0.490349787643435 0.819392059508095 1 0.727272727272727 0.425 0.207317073170732 flashr_default 20 10
0.689577430119905 0.756771808604409 1 0.727272727272727 0.538461538461538 0.25609756097561 flashr_backfit 20 10
0.968900507899706 0.99880103948349 1 0.727272727272727 0.974358974358974 0.463414634146341 flashr_nn 20 10
0.807100993779353 0.900940337057238 1 0.727272727272727 0.53968253968254 0.414634146341463 sn_spMF 20 10
0.337764038142423 0.623536702458682 NA 0 NA 0 NBSFA 20 1
0.10981119015456 0.727931013974581 1 0.516129032258065 0.469879518072289 0.419354838709677 NMF 20 1
-0.517018751490293 -0.665784130458568 0.916666666666667 0.709677419354839 0.75 0.258064516129032 PCA 20 1
-0.580660985005734 -0.672375957569789 0.916666666666667 0.709677419354839 0.75 0.258064516129032 softImpute 20 1
0.566977258797066 0.393359538380696 NA 0 0.51063829787234 0.258064516129032 SSVD 20 1
-0.309942159811597 -0.659734587671003 0.92 0.741935483870968 0.303030303030303 0.10752688172043 PMA_cv1 20 1
-0.431376310402243 -0.48625331292825 0.518518518518518 0.451612903225806 0.30952380952381 0.139784946236559 PMA_cv2 20 1
-0.710126022041323 -0.760858152489781 1 0.516129032258065 0.628571428571429 0.236559139784946 flashr_default 20 1
0.705734205326089 0.767721842832499 1 0.516129032258065 0.638888888888889 0.247311827956989 flashr_backfit 20 1
0.962380455990238 0.998695562170971 1 0.516129032258065 0.972222222222222 0.376344086021505 flashr_nn 20 1
0.946480529544923 0.995133085512139 1 0.516129032258065 0.944444444444444 0.365591397849462 sn_spMF 20 1
0.454475619864236 0.796377070438367 1 0.675675675675676 0.6 0.16304347826087 NBSFA 20 2
0.0424053288870812 0.755951361557403 0.941176470588235 0.864864864864865 0.404411764705882 0.597826086956522 NMF 20 2
0.526369816608251 0.630480140883688 0.772727272727273 0.918918918918919 0.483870967741935 0.326086956521739 PCA 20 2
0.745568555145076 0.805287111146868 0.772727272727273 0.918918918918919 0.645161290322581 0.434782608695652 softImpute 20 2
-0.490472631746749 -0.687954062758095 1 0.837837837837838 0.545454545454545 0.0652173913043478 SSVD 20 2
-0.356719025809318 -0.612207726560041 0.772727272727273 0.918918918918919 0.316666666666667 0.206521739130435 PMA_cv1 20 2
0.341673076519801 0.404406329581093 0.794117647058823 0.72972972972973 0.161904761904762 0.184782608695652 PMA_cv2 20 2
0.478044141690614 0.727702311328499 0.945945945945946 0.945945945945946 NA 0 flashr_default 20 2
0.495769729043659 0.820556349965479 1 0.837837837837838 0.518518518518518 0.304347826086957 flashr_backfit 20 2
0.979551996114842 0.998949758441707 1 0.837837837837838 0.944444444444444 0.554347826086957 flashr_nn 20 2
0.969686790841992 0.998012642192925 1 0.864864864864865 0.944444444444444 0.554347826086957 sn_spMF 20 2
0.338893712984975 0.704270630249314 1 0.583333333333333 0.0588235294117647 0.0112359550561798 NBSFA 20 3
0.0308228086566691 0.751494864366735 1 0.861111111111111 0.477477477477477 0.595505617977528 NMF 20 3
-0.419867502492598 -0.654593029040081 0.82051282051282 0.888888888888889 0.3125 0.168539325842697 PCA 20 3
-0.75612166225874 -0.872552489998617 0.82051282051282 0.888888888888889 0.666666666666667 0.359550561797753 softImpute 20 3
-0.393162415273054 -0.683863711822809 0.878787878787879 0.805555555555556 0.238095238095238 0.0561797752808989 SSVD 20 3
-0.402376913472211 -0.690220321364221 0.842105263157895 0.888888888888889 0.363636363636364 0.179775280898876 PMA_cv1 20 3
-0.449598805728676 -0.486758478100314 0.941176470588235 0.444444444444444 0.255555555555556 0.258426966292135 PMA_cv2 20 3
0.299519120931416 0.740338839412358 1 0.805555555555556 0.238095238095238 0.112359550561798 flashr_default 20 3
0.700305759637827 0.757811456408009 1 0.777777777777778 0.666666666666667 0.314606741573034 flashr_backfit 20 3
0.933991479315099 0.999090867233733 1 0.777777777777778 0.952380952380952 0.449438202247191 flashr_nn 20 3
0.808515006532676 0.802624563589193 1 0.638888888888889 0.828571428571429 0.325842696629214 sn_spMF 20 3
0.557915372587874 0.640506665808519 NA 0 NA 0 NBSFA 20 4
-0.0546634487960312 0.721313688595223 0.96 0.666666666666667 0.415929203539823 0.479591836734694 NMF 20 4
0.720928721641725 0.696998464625318 0.777777777777778 0.777777777777778 0.644444444444444 0.295918367346939 PCA 20 4
0.591787828523227 0.723108922779276 0.777777777777778 0.777777777777778 0.488888888888889 0.224489795918367 softImpute 20 4
-0.516282486294716 -0.703266103051689 0.848484848484849 0.777777777777778 0.28125 0.0918367346938776 SSVD 20 4
0.444044352797652 0.545815944704366 0.4 0.111111111111111 0.521739130434783 0.36734693877551 PMA_cv1 20 4
0.533390405242706 0.570988143293074 0.8125 0.722222222222222 0.273809523809524 0.23469387755102 PMA_cv2 20 4
-0.459695076150367 -0.789417713208783 1 0.722222222222222 0.536585365853659 0.224489795918367 flashr_default 20 4
0.747602493839872 0.680750464540396 1 0.722222222222222 0.7 0.285714285714286 flashr_backfit 20 4
0.967289264629151 0.999253457018199 1 0.694444444444444 1 0.397959183673469 flashr_nn 20 4
0.92564414179108 0.990066619015697 1 0.722222222222222 0.883720930232558 0.387755102040816 sn_spMF 20 4
0.4964309304997 0.618604708083125 0.75 0.0810810810810811 0.3 0.0625 NBSFA 20 5
0.045516635371195 0.754417799359209 1 0.702702702702703 0.356589147286822 0.479166666666667 NMF 20 5
-0.523350184022952 -0.608714510661241 0.9375 0.810810810810811 0.64 0.166666666666667 PCA 20 5
-0.629416401670225 -0.676016600266122 0.9375 0.810810810810811 0.64 0.166666666666667 softImpute 20 5
-0.411323810930467 -0.68829048369098 0.96551724137931 0.756756756756757 0.333333333333333 0.0729166666666667 SSVD 20 5
0.458069575009549 0.462371313316813 0.142857142857143 0.027027027027027 0.377358490566038 0.208333333333333 PMA_cv1 20 5
-0.446819361547842 -0.512750763862226 1 0.513513513513513 0.219047619047619 0.239583333333333 PMA_cv2 20 5
-0.748222457855266 -0.786490773185085 1 0.675675675675676 0.741935483870968 0.239583333333333 flashr_default 20 5
0.744594149727644 0.758388915168939 1 0.675675675675676 0.75 0.25 flashr_backfit 20 5
0.966391561555107 0.999235026596283 1 0.675675675675676 0.96875 0.322916666666667 flashr_nn 20 5
0.959852259851544 0.998021351585211 1 0.675675675675676 1 0.333333333333333 sn_spMF 20 5
-0.292535779474249 -0.444903296718942 0 0 0.857142857142857 0.0638297872340425 NBSFA 20 6
-0.15726892822182 0.722479787378048 1 0.727272727272727 0.386138613861386 0.414893617021277 NMF 20 6
0.583651419506652 0.659449978773114 0.756756756756757 0.848484848484849 0.608695652173913 0.297872340425532 PCA 20 6
0.795062584720662 0.871569116144914 0.756756756756757 0.848484848484849 0.75 0.382978723404255 softImpute 20 6
-0.430854250789198 -0.710920902147599 0.866666666666667 0.787878787878788 0.263157894736842 0.0531914893617021 SSVD 20 6
0.454406176438967 0.482404171287987 0.0769230769230769 0.0303030303030303 0.418918918918919 0.329787234042553 PMA_cv1 20 6
-0.451832888454107 -0.433325597990069 0 0 0.109090909090909 0.0638297872340425 PMA_cv2 20 6
0.51719398146103 0.794416795229593 1 0.757575757575758 0.461538461538462 0.191489361702128 flashr_default 20 6
0.947077099036984 0.998814977640797 1 0.757575757575758 0.948717948717949 0.393617021276596 flashr_backfit 20 6
0.946119873025867 0.998971638499146 1 0.727272727272727 0.948717948717949 0.393617021276596 flashr_nn 20 6
0.931306292772322 0.997991026171067 1 0.727272727272727 0.9 0.382978723404255 sn_spMF 20 6
0.398454982830133 0.572282106512821 NA 0 NA 0 NBSFA 20 7
-0.00468339107545616 0.739604581058694 1 0.6 0.406593406593407 0.402173913043478 NMF 20 7
-0.487134624096244 -0.646996833648458 0.735294117647059 0.833333333333333 0.580645161290323 0.195652173913043 PCA 20 7
-0.481255098821377 -0.731087166787983 0.735294117647059 0.833333333333333 0.419354838709677 0.141304347826087 softImpute 20 7
0.387413499367319 0.414896685586756 NA 0 0.387755102040816 0.206521739130435 SSVD 20 7
0.396855652107281 0.523174707677274 0.111111111111111 0.0333333333333333 0.37037037037037 0.217391304347826 PMA_cv1 20 7
-0.507163133676427 -0.410705564960804 1 0.5 0.301369863013699 0.239130434782609 PMA_cv2 20 7
0.928870952574648 0.985670651624976 0.96 0.8 1 0.358695652173913 flashr_default 20 7
0.94274823491481 0.994513570079639 1 0.6 1 0.33695652173913 flashr_backfit 20 7
0.924881705326113 0.90578507306797 0.961538461538462 0.833333333333333 1 0.369565217391304 flashr_nn 20 7
0.933641012264623 0.993157005648773 1 0.766666666666667 1 0.369565217391304 sn_spMF 20 7
0.734839904960933 0.617301556908018 NA 0 NA 0 NBSFA 20 8
-0.200754625244013 0.753356805486146 0.96 0.705882352941177 0.401639344262295 0.544444444444444 NMF 20 8
0.427678415980065 0.702894118485463 0.828571428571429 0.852941176470588 0.380952380952381 0.177777777777778 PCA 20 8
0.655805850830709 0.774196705071538 0.828571428571429 0.852941176470588 0.452380952380952 0.211111111111111 softImpute 20 8
0.503926745174802 0.432429375273508 0 0 0.4 0.244444444444444 SSVD 20 8
-0.473498024159415 -0.679172993217388 0.828571428571429 0.852941176470588 0.386363636363636 0.188888888888889 PMA_cv1 20 8
0.41445603866031 0.485213156186096 0.88 0.647058823529412 0.197916666666667 0.211111111111111 PMA_cv2 20 8
-0.765947948921683 -0.793543577494607 1 0.794117647058823 0.666666666666667 0.333333333333333 flashr_default 20 8
0.667453392415436 0.76056688713097 1 0.794117647058823 0.555555555555556 0.277777777777778 flashr_backfit 20 8
0.96514106513035 0.999417954236969 1 0.794117647058823 0.955555555555556 0.477777777777778 flashr_nn 20 8
0.93970286276192 0.994837675909985 1 0.794117647058823 0.956521739130435 0.488888888888889 sn_spMF 20 8
0.213206062749949 0.481194518334494 NA 0 0.272727272727273 0.0344827586206897 NBSFA 20 9
-0.124863704522416 0.741314574484673 1 0.651162790697674 0.256410256410256 0.344827586206897 NMF 20 9
-0.427694827377807 -0.572283419926818 0.80952380952381 0.790697674418605 0.388888888888889 0.241379310344828 PCA 20 9
-0.646261702073383 -0.75214214843219 0.80952380952381 0.790697674418605 0.388888888888889 0.241379310344828 softImpute 20 9
0.42119470781054 0.421970662945111 1 0.0232558139534884 0.388059701492537 0.298850574712644 SSVD 20 9
-0.465700565120963 -0.702079309595483 0.80952380952381 0.790697674418605 0.521739130434783 0.275862068965517 PMA_cv1 20 9
0.363181721447622 0.487449464866217 0.636363636363636 0.325581395348837 0.104761904761905 0.126436781609195 PMA_cv2 20 9
-0.751101751501224 -0.744213153294586 1 0.627906976744186 0.634146341463415 0.298850574712644 flashr_default 20 9
0.963047802065067 0.999185567021191 1 0.627906976744186 0.95 0.436781609195402 flashr_backfit 20 9
0.962741994217257 0.999420808716935 1 0.627906976744186 0.95 0.436781609195402 flashr_nn 20 9
0.924834883167283 0.995350698774744 1 0.651162790697674 0.866666666666667 0.448275862068966 sn_spMF 20 9
0.783974174116994 0.6655827554607 NA 0 1 0.365853658536585 NBSFA 500 10
-0.102728755156826 0.770876895828275 0.96969696969697 0.96969696969697 0.381642512077295 0.963414634146341 NMF 500 10
-0.521753540611157 -0.621746210351789 0.647058823529412 1 0.424460431654676 0.719512195121951 PCA 500 10
-0.575118599381052 -0.730721032655653 0.647058823529412 1 0.302158273381295 0.51219512195122 softImpute 500 10
0.48519702002647 0.441476552950293 0.0769230769230769 0.0909090909090909 0.36551724137931 0.646341463414634 SSVD 500 10
-0.498033140272769 -0.688868633449586 0.634615384615385 1 0.352941176470588 0.585365853658537 PMA_cv1 500 10
-0.517101838216904 -0.622688344154843 0.767441860465116 1 0.260663507109005 0.670731707317073 PMA_cv2 500 10
-0.724031314544761 -0.789958100689833 0.96969696969697 0.96969696969697 0.454545454545455 0.48780487804878 flashr_default 500 10
0.907615872132143 0.848337410383667 0.941176470588235 0.96969696969697 0.764705882352941 0.951219512195122 flashr_backfit 500 10
0.992334787359141 0.999955283152485 1 0.96969696969697 0.962962962962963 0.951219512195122 flashr_nn 500 10
0.992626337378969 0.999856475628494 0.96969696969697 0.96969696969697 0.9625 0.939024390243902 sn_spMF 500 10
0.494492026038688 0.59073848019012 0.333333333333333 0.032258064516129 0.4375 0.150537634408602 NBSFA 500 1
0.0977790891840778 0.787494518449767 0.967741935483871 0.967741935483871 0.3875 0.666666666666667 NMF 500 1
-0.82930104308779 -0.817047364632589 0.630434782608696 0.935483870967742 0.545454545454545 0.709677419354839 PCA 500 1
-0.653804836057902 -0.617155990627795 0.630434782608696 0.935483870967742 0.545454545454545 0.709677419354839 softImpute 500 1
-0.348951187278164 -0.625427117656082 0.630434782608696 0.935483870967742 0.299212598425197 0.408602150537634 SSVD 500 1
-0.32099027615718 -0.617903421872916 0.630434782608696 0.935483870967742 0.319327731092437 0.408602150537634 PMA_cv1 500 1
-0.436772977018002 -0.543501480166433 0.763157894736842 0.935483870967742 0.238738738738739 0.56989247311828 PMA_cv2 500 1
-0.722667714627761 -0.760739103137761 0.966666666666667 0.935483870967742 0.561797752808989 0.537634408602151 flashr_default 500 1
0.942513943050052 0.938001937730079 0.966666666666667 0.935483870967742 0.769230769230769 0.860215053763441 flashr_backfit 500 1
0.990549055035786 0.999939732244405 1 0.935483870967742 0.9875 0.849462365591398 flashr_nn 500 1
0.987242507498132 0.999771694382252 0.966666666666667 0.935483870967742 0.975308641975309 0.849462365591398 sn_spMF 500 1
0.780166989391857 0.866867676620409 1 0.972972972972973 0.952380952380952 0.217391304347826 NBSFA 500 2
0.0302646345925697 0.788585258462067 0.948717948717949 1 0.368663594470046 0.869565217391304 NMF 500 2
0.591024295835703 0.694774516222276 0.60655737704918 1 0.309178743961353 0.695652173913043 PCA 500 2
0.435170201989783 0.681873034227812 0.60655737704918 1 0.265700483091787 0.597826086956522 softImpute 500 2
-0.441604393289372 -0.567909913325431 0.60655737704918 1 0.346153846153846 0.782608695652174 SSVD 500 2
-0.434435918967932 -0.685906350667394 0.60655737704918 1 0.270531400966184 0.608695652173913 PMA_cv1 500 2
-0.492278252495041 -0.460797159986405 0.679245283018868 0.972972972972973 0.22707423580786 0.565217391304348 PMA_cv2 500 2
0.699900650442575 0.755623645678987 1 1 0.557894736842105 0.576086956521739 flashr_default 500 2
0.470802793137768 0.730376964950496 0.973684210526316 1 0.368852459016393 0.489130434782609 flashr_backfit 500 2
0.998767198729025 0.999946009708671 0.973684210526316 1 0.965909090909091 0.923913043478261 flashr_nn 500 2
0.995575647507208 0.999876054457529 1 1 0.965909090909091 0.923913043478261 sn_spMF 500 2
-0.375060172270215 -0.501038519869252 0 0 0.857142857142857 0.404494382022472 NBSFA 500 3
0.0516682361029943 0.769992015549996 0.971428571428571 0.944444444444444 0.322222222222222 0.651685393258427 NMF 500 3
-0.842659780092492 -0.825330616598179 0.666666666666667 1 0.506666666666667 0.853932584269663 PCA 500 3
-0.838240749468906 -0.824585613352844 0.666666666666667 1 0.48 0.808988764044944 softImpute 500 3
0.472671563177298 0.459118622650412 0.264705882352941 0.25 0.371794871794872 0.651685393258427 SSVD 500 3
-0.415802913448361 -0.640327400540846 0.666666666666667 1 0.303448275862069 0.49438202247191 PMA_cv1 500 3
-0.40439813331045 -0.491023087714235 0.576271186440678 0.944444444444444 0.237373737373737 0.528089887640449 PMA_cv2 500 3
0.313888580317421 0.743625869675878 1 0.944444444444444 0.235294117647059 0.224719101123595 flashr_default 500 3
0.954277090996003 0.976394056975525 1 0.944444444444444 0.913978494623656 0.955056179775281 flashr_backfit 500 3
0.96518449498797 0.999961763570725 1 0.944444444444444 0.976190476190476 0.921348314606742 flashr_nn 500 3
0.964614046042148 0.999807498461406 1 0.944444444444444 0.965116279069767 0.932584269662921 sn_spMF 500 3
0.471207643130906 0.528964359525615 1 0.0833333333333333 0.357142857142857 0.153061224489796 NBSFA 500 4
-0.0648896533261117 0.77059502961702 0.971428571428571 0.944444444444444 0.404255319148936 0.775510204081633 NMF 500 4
0.799414455113211 0.787996934471805 0.648148148148148 0.972222222222222 0.463235294117647 0.642857142857143 PCA 500 4
0.674575094666616 0.662318436101549 0.648148148148148 0.972222222222222 0.389705882352941 0.540816326530612 softImpute 500 4
-0.639302043626897 -0.803569611617791 0.708333333333333 0.944444444444444 0.448275862068966 0.397959183673469 SSVD 500 4
0.472505153754555 0.540246916810556 0.212121212121212 0.194444444444444 0.446540880503145 0.724489795918367 PMA_cv1 500 4
0.394689291859823 0.453235331790109 0.507462686567164 0.944444444444444 0.240909090909091 0.540816326530612 PMA_cv2 500 4
-0.467239736273827 -0.789895467750064 1 0.944444444444444 0.48 0.489795918367347 flashr_default 500 4
0.772287368610578 0.684966242080896 0.829268292682927 0.944444444444444 0.712765957446808 0.683673469387755 flashr_backfit 500 4
0.995400590458842 0.999982773636755 1 0.944444444444444 0.989247311827957 0.938775510204082 flashr_nn 500 4
0.992009225822923 0.999387866401155 1 0.944444444444444 0.91 0.928571428571429 sn_spMF 500 4
0.445750703162704 0.562287520679059 0 0 0.592592592592593 0.166666666666667 NBSFA 500 5
0.0418402529450833 0.772410781664041 0.944444444444444 0.918918918918919 0.355670103092784 0.71875 NMF 500 5
-0.486900689754339 -0.570736100894935 0.686274509803922 0.945945945945946 0.397515527950311 0.666666666666667 PCA 500 5
0.478168904792961 0.461115275432376 0.4 0.378378378378378 0.327683615819209 0.604166666666667 softImpute 500 5
0.50349729566154 0.465252781409297 0.428571428571429 0.405405405405405 0.345029239766082 0.614583333333333 SSVD 500 5
0.475660475350594 0.447401845858714 0.375 0.324324324324324 0.348837209302326 0.625 PMA_cv1 500 5
-0.549821327206531 -0.573743258916294 0.6875 0.891891891891892 0.271111111111111 0.635416666666667 PMA_cv2 500 5
-0.743316260866955 -0.788372187484987 1 0.918918918918919 0.611111111111111 0.572916666666667 flashr_default 500 5
0.743972936677721 0.765297922453831 1 0.918918918918919 0.654761904761905 0.572916666666667 flashr_backfit 500 5
0.987427092804961 0.999978488576845 1 0.918918918918919 0.952380952380952 0.833333333333333 flashr_nn 500 5
0.985048495990539 0.999924891017187 1 0.918918918918919 0.952941176470588 0.84375 sn_spMF 500 5
0.456371652855581 0.639996012111132 NA 0 0.722222222222222 0.138297872340426 NBSFA 500 6
-0.150461596431663 0.839822254652755 0.941176470588235 0.96969696969697 0.422680412371134 0.872340425531915 NMF 500 6
0.613738073987016 0.564590956351491 0.611111111111111 1 0.452702702702703 0.712765957446808 PCA 500 6
0.82743765905578 0.832063017666837 0.611111111111111 1 0.493243243243243 0.776595744680851 softImpute 500 6
-0.378290529025378 -0.647787484078389 0.611111111111111 1 0.283582089552239 0.404255319148936 SSVD 500 6
0.482596690581461 0.46050714304141 0.09375 0.0909090909090909 0.385964912280702 0.702127659574468 PMA_cv1 500 6
-0.490096386261086 -0.342384902873434 0.75 0.909090909090909 0.267441860465116 0.48936170212766 PMA_cv2 500 6
0.420581786831597 0.703265026431739 1 0.96969696969697 0.275862068965517 0.25531914893617 flashr_default 500 6
0.976668829961276 0.999964688538181 1 0.96969696969697 0.964285714285714 0.861702127659574 flashr_backfit 500 6
0.976681598666274 0.999971905490873 1 0.96969696969697 0.952941176470588 0.861702127659574 flashr_nn 500 6
0.975004621809484 0.999958782137276 1 0.96969696969697 0.953488372093023 0.872340425531915 sn_spMF 500 6
0.315881236828486 0.443153258838054 0.75 0.1 0.234375 0.16304347826087 NBSFA 500 7
-0.0123682621236529 0.806851014179573 1 0.9 0.43452380952381 0.793478260869565 NMF 500 7
-0.74969779132845 -0.796419379040334 0.58 0.966666666666667 0.464 0.630434782608696 PCA 500 7
-0.725104568361775 -0.628962986864562 0.58 0.966666666666667 0.616 0.83695652173913 softImpute 500 7
0.464469995107527 0.550833889725691 0.166666666666667 0.133333333333333 0.45578231292517 0.728260869565217 SSVD 500 7
0.442500916655869 0.532635121053883 0.12 0.1 0.433333333333333 0.706521739130435 PMA_cv1 500 7
0.452541120856996 0.521146636957222 0.65 0.866666666666667 0.242424242424242 0.521739130434783 PMA_cv2 500 7
0.970072753753311 0.999670119119356 1 0.866666666666667 0.975903614457831 0.880434782608696 flashr_default 500 7
0.726569213361645 0.682312144440339 1 0.866666666666667 0.674698795180723 0.608695652173913 flashr_backfit 500 7
0.971360099209305 0.999917207068034 1 0.866666666666667 0.987951807228916 0.891304347826087 flashr_nn 500 7
0.969105533409965 0.999887930823773 1 0.866666666666667 0.987951807228916 0.891304347826087 sn_spMF 500 7
0.441535179911852 0.572696699670949 0.541666666666667 0.382352941176471 0.392405063291139 0.344444444444444 NBSFA 500 8
-0.197076029168628 0.802235124688234 0.942857142857143 0.970588235294118 0.402173913043478 0.822222222222222 NMF 500 8
0.493371455123835 0.616646501306184 0.666666666666667 1 0.284313725490196 0.644444444444444 PCA 500 8
0.729427789587727 0.784074521459174 0.666666666666667 1 0.367647058823529 0.833333333333333 softImpute 500 8
-0.46727628235283 -0.573372883934669 0.666666666666667 1 0.288557213930348 0.644444444444444 SSVD 500 8
-0.531135579574243 -0.642688928553223 0.666666666666667 1 0.323383084577114 0.722222222222222 PMA_cv1 500 8
-0.482663649478875 -0.512810793329872 0.659090909090909 0.852941176470588 0.203045685279188 0.444444444444444 PMA_cv2 500 8
-0.769466190955984 -0.789011204806679 1 0.941176470588235 0.611111111111111 0.611111111111111 flashr_default 500 8
0.973765795531008 0.993836622715717 1 0.970588235294118 0.833333333333333 0.944444444444444 flashr_backfit 500 8
0.984151452279438 0.999966296155828 1 0.941176470588235 0.943181818181818 0.922222222222222 flashr_nn 500 8
0.981883408227842 0.999955038535197 1 0.941176470588235 0.943181818181818 0.922222222222222 sn_spMF 500 8
0.401089554029338 0.551723236139202 1 0.0930232558139535 0.275 0.126436781609195 NBSFA 500 9
-0.151912203708788 0.762062607500221 0.953488372093023 0.953488372093023 0.316279069767442 0.781609195402299 NMF 500 9
-0.619860338982519 -0.71578004755035 0.688524590163934 0.976744186046512 0.329479768786127 0.655172413793103 PCA 500 9
-0.629985858664173 -0.715725903618427 0.688524590163934 0.976744186046512 0.323699421965318 0.64367816091954 softImpute 500 9
-0.436661132629808 -0.602525014724965 0.688524590163934 0.976744186046512 0.30188679245283 0.551724137931034 SSVD 500 9
-0.482354270801185 -0.68059624486447 0.688524590163934 0.976744186046512 0.303571428571429 0.586206896551724 PMA_cv1 500 9
0.363576913410737 0.559870572660738 0.6875 0.767441860465116 0.180094786729858 0.436781609195402 PMA_cv2 500 9
-0.782033831509403 -0.745758050234813 1 0.953488372093023 0.720930232558139 0.71264367816092 flashr_default 500 9
0.75142912484045 0.667748449441509 1 0.953488372093023 0.625 0.689655172413793 flashr_backfit 500 9
0.986957616431433 0.999983490838174 1 0.953488372093023 0.898876404494382 0.919540229885057 flashr_nn 500 9
0.985140554322905 0.999953759367155 1 0.953488372093023 0.919540229885057 0.919540229885057 sn_spMF 500 9
0.627395136060382 0.625542929398198 NA 0 NA 0 NBSFA 50 10
-0.110680139615116 0.766068924744686 0.96551724137931 0.848484848484849 0.335570469798658 0.609756097560976 NMF 50 10
-0.500230282623711 -0.643368379881737 0.738095238095238 0.939393939393939 0.538461538461538 0.51219512195122 PCA 50 10
-0.571064788977417 -0.752818395838159 0.738095238095238 0.939393939393939 0.307692307692308 0.292682926829268 softImpute 50 10
-0.449211514130391 -0.687369594116113 0.857142857142857 0.909090909090909 0.175 0.0853658536585366 SSVD 50 10
-0.493094284036281 -0.703350659224411 0.738095238095238 0.939393939393939 0.445945945945946 0.402439024390244 PMA_cv1 50 10
-0.591252317932262 -0.637549759038256 0.535714285714286 0.909090909090909 0.288135593220339 0.414634146341463 PMA_cv2 50 10
-0.59917852335068 -0.696422793577557 1 0.848484848484849 0.370967741935484 0.280487804878049 flashr_default 50 10
0.986214949923725 0.998959319585664 0.96551724137931 0.848484848484849 0.967741935483871 0.731707317073171 flashr_backfit 50 10
0.986086203998842 0.999551350211981 1 0.848484848484849 0.983333333333333 0.719512195121951 flashr_nn 50 10
0.782577854583606 0.85823037994942 0.96551724137931 0.848484848484849 0.403361344537815 0.585365853658537 sn_spMF 50 10
0.365764760239868 0.783127718919864 1 0.548387096774194 0.217391304347826 0.0537634408602151 NBSFA 50 1
0.106249905988027 0.779988096594878 1 0.67741935483871 0.45 0.483870967741935 NMF 50 1
-0.511518177579118 -0.622814751242754 0.866666666666667 0.838709677419355 0.654545454545455 0.387096774193548 PCA 50 1
-0.51151930461335 -0.62281389697746 0.866666666666667 0.838709677419355 0.654545454545455 0.387096774193548 softImpute 50 1
0.495771180761114 0.483318297837023 0.571428571428571 0.129032258064516 0.545454545454545 0.387096774193548 SSVD 50 1
-0.314041221612352 -0.626928893299703 0.866666666666667 0.838709677419355 0.283018867924528 0.161290322580645 PMA_cv1 50 1
-0.511543270586079 -0.579873897498176 0.666666666666667 0.580645161290323 0.347826086956522 0.43010752688172 PMA_cv2 50 1
-0.715650789021772 -0.761307046839957 1 0.67741935483871 0.653846153846154 0.365591397849462 flashr_default 50 1
0.63921518241497 0.667930366544918 0.956521739130435 0.709677419354839 0.55 0.354838709677419 flashr_backfit 50 1
0.976633704500427 0.999429809430924 1 0.67741935483871 0.980392156862745 0.537634408602151 flashr_nn 50 1
0.975199722545188 0.998340910113838 1 0.67741935483871 0.980392156862745 0.537634408602151 sn_spMF 50 1
0.746328740036189 0.638559557472577 NA 0 NA 0 NBSFA 50 2
0.0372035058843998 0.76089400232259 0.945945945945946 0.945945945945946 0.382022471910112 0.739130434782609 NMF 50 2
0.518490980426193 0.620077639348674 0.679245283018868 0.972972972972973 0.418367346938776 0.445652173913043 PCA 50 2
0.560660583029939 0.679439136195046 0.679245283018868 0.972972972972973 0.510204081632653 0.543478260869565 softImpute 50 2
-0.480957876751601 -0.749824423946065 0.8 0.972972972972973 0.352941176470588 0.195652173913043 SSVD 50 2
-0.415680946551168 -0.68749219961276 0.679245283018868 0.972972972972973 0.285714285714286 0.304347826086957 PMA_cv1 50 2
-0.33709466217193 -0.56743737277744 0.680851063829787 0.864864864864865 0.167785234899329 0.271739130434783 PMA_cv2 50 2
0.700608655187808 0.75712855901899 1 0.918918918918919 0.628571428571429 0.478260869565217 flashr_default 50 2
0.497739291874726 0.824465512010902 1 0.918918918918919 0.486111111111111 0.380434782608696 flashr_backfit 50 2
0.989982181434163 0.999510241311127 0.971428571428571 0.918918918918919 0.944444444444444 0.739130434782609 flashr_nn 50 2
0.98853520957416 0.999249208842979 1 0.918918918918919 0.942857142857143 0.717391304347826 sn_spMF 50 2
0.358505679772932 0.530648866812387 NA 0 0.307692307692308 0.0898876404494382 NBSFA 50 3
0.0372797635344017 0.749286609288048 1 0.916666666666667 0.408284023668639 0.775280898876405 NMF 50 3
-0.583646874607595 -0.591596206262629 0.772727272727273 0.944444444444444 0.471428571428571 0.370786516853933 PCA 50 3
-0.809726487427795 -0.844625659070325 0.772727272727273 0.944444444444444 0.657142857142857 0.51685393258427 softImpute 50 3
-0.404045748967913 -0.680180177028731 0.815789473684211 0.861111111111111 0.255813953488372 0.123595505617978 SSVD 50 3
-0.41864923723459 -0.664514650738604 0.772727272727273 0.944444444444444 0.352112676056338 0.280898876404494 PMA_cv1 50 3
-0.451182499402419 -0.435158155490288 0.96875 0.861111111111111 0.186440677966102 0.247191011235955 PMA_cv2 50 3
0.303703342392837 0.741561582625195 1 0.916666666666667 0.206349206349206 0.146067415730337 flashr_default 50 3
0.954033296103826 0.999124987714167 1 0.916666666666667 0.967741935483871 0.674157303370786 flashr_backfit 50 3
0.954311544852325 0.999615698635228 1 0.916666666666667 0.968253968253968 0.685393258426966 flashr_nn 50 3
0.944130856484774 0.998191087844175 1 0.916666666666667 0.953125 0.685393258426966 sn_spMF 50 3
0.468953761181366 0.546511260040492 0 0 0.307692307692308 0.0408163265306122 NBSFA 50 4
-0.0561827393144016 0.758286512814016 0.96551724137931 0.777777777777778 0.45 0.73469387755102 NMF 50 4
0.702566327451405 0.652846924880743 0.738095238095238 0.861111111111111 0.589041095890411 0.438775510204082 PCA 50 4
0.501578660678347 0.791029414159163 0.738095238095238 0.861111111111111 0.465753424657534 0.346938775510204 softImpute 50 4
-0.545039486346351 -0.805307206463878 0.794871794871795 0.861111111111111 0.407407407407407 0.224489795918367 SSVD 50 4
0.463613849706896 0.547336272684161 0.3125 0.138888888888889 0.554455445544555 0.571428571428571 PMA_cv1 50 4
0.419797169919142 0.447389989396653 0.666666666666667 0.666666666666667 0.17 0.173469387755102 PMA_cv2 50 4
-0.476334166254792 -0.790687976201625 1 0.777777777777778 0.515151515151515 0.346938775510204 flashr_default 50 4
0.766129035870353 0.681291894457833 1 0.777777777777778 0.696969696969697 0.469387755102041 flashr_backfit 50 4
0.986325088694697 0.999814156524772 1 0.777777777777778 0.984848484848485 0.663265306122449 flashr_nn 50 4
0.875286926084597 0.95059564976561 0.96551724137931 0.777777777777778 0.753246753246753 0.591836734693878 sn_spMF 50 4
0.441672510978361 0.545405173670484 NA 0 NA 0 NBSFA 50 5
0.0457498835076901 0.754496378579821 1 0.864864864864865 0.387878787878788 0.666666666666667 NMF 50 5
-0.530275867081412 -0.601273103953404 0.942857142857143 0.891891891891892 0.53125 0.354166666666667 PCA 50 5
-0.636373642229843 -0.649430209433601 0.942857142857143 0.891891891891892 0.65625 0.4375 softImpute 50 5
0.535130999735649 0.415752972372042 0.125 0.0540540540540541 0.530120481927711 0.458333333333333 SSVD 50 5
0.474747662139362 0.461999760577817 0.235294117647059 0.108108108108108 0.430379746835443 0.354166666666667 PMA_cv1 50 5
0.395698246430543 0.510691761654396 0.682926829268293 0.756756756756757 0.196969696969697 0.270833333333333 PMA_cv2 50 5
-0.745950191374789 -0.786713534996583 1 0.837837837837838 0.633333333333333 0.395833333333333 flashr_default 50 5
0.74468807098963 0.76175790249114 1 0.864864864864865 0.629032258064516 0.40625 flashr_backfit 50 5
0.980334381765729 0.999721411900313 1 0.837837837837838 0.950819672131147 0.604166666666667 flashr_nn 50 5
0.97628768458876 0.999319881988783 1 0.864864864864865 0.966666666666667 0.604166666666667 sn_spMF 50 5
0.650047380264198 0.576243211623634 1 0.0303030303030303 1 0.0638297872340425 NBSFA 50 6
-0.152974123176686 0.751774667527567 0.928571428571429 0.787878787878788 0.376712328767123 0.585106382978723 NMF 50 6
0.584018270651181 0.632141425859669 0.697674418604651 0.909090909090909 0.591549295774648 0.446808510638298 PCA 50 6
0.694152683497129 0.730105838824078 0.697674418604651 0.909090909090909 0.549295774647887 0.414893617021277 softImpute 50 6
-0.412538307695169 -0.727333927120228 0.789473684210526 0.909090909090909 0.26 0.138297872340426 SSVD 50 6
0.470428417711864 0.465994262248131 0.105263157894737 0.0606060606060606 0.459183673469388 0.478723404255319 PMA_cv1 50 6
-0.462430634431553 -0.45189058392642 0.846153846153846 0.666666666666667 0.176991150442478 0.212765957446809 PMA_cv2 50 6
0.426861074427899 0.702690312486518 1 0.787878787878788 0.271186440677966 0.170212765957447 flashr_default 50 6
0.965595258421592 0.999640748338258 1 0.787878787878788 0.966101694915254 0.606382978723404 flashr_backfit 50 6
0.965376108161054 0.999690082621238 1 0.787878787878788 0.95 0.606382978723404 flashr_nn 50 6
0.960821668165185 0.999534645534797 1 0.787878787878788 0.949152542372881 0.595744680851064 sn_spMF 50 6
0.569333107308194 0.572961507303868 NA 0 0.56 0.152173913043478 NBSFA 50 7
-0.00757463684709623 0.596836406834739 0.892857142857143 0.833333333333333 0.323308270676692 0.467391304347826 NMF 50 7
-0.603833789236661 -0.61521860694308 0.666666666666667 0.866666666666667 0.602941176470588 0.445652173913043 PCA 50 7
-0.562956558267251 -0.589529964767202 0.666666666666667 0.866666666666667 0.544117647058823 0.402173913043478 softImpute 50 7
0.458096927625122 0.581079049374432 0.125 0.0666666666666667 0.48 0.391304347826087 SSVD 50 7
-0.439347251204295 -0.616051247785445 0.666666666666667 0.866666666666667 0.402985074626866 0.293478260869565 PMA_cv1 50 7
0.410322763822559 0.481800790665746 0.5 0.133333333333333 0.138888888888889 0.16304347826087 PMA_cv2 50 7
0.956288601579884 0.997597244452211 1 0.833333333333333 1 0.565217391304348 flashr_default 50 7
0.963301246769346 0.998516487274246 1 0.833333333333333 0.981132075471698 0.565217391304348 flashr_backfit 50 7
0.962780506752564 0.998912626016363 1 0.833333333333333 0.981132075471698 0.565217391304348 flashr_nn 50 7
0.96260922065406 0.998873888262407 1 0.833333333333333 0.981132075471698 0.565217391304348 sn_spMF 50 7
0.691863435852473 0.632799734585602 1 0.0294117647058824 1 0.0777777777777778 NBSFA 50 8
-0.196711494380491 0.752864554217273 0.96551724137931 0.823529411764706 0.371951219512195 0.677777777777778 NMF 50 8
0.422382440437032 0.671627243308118 0.697674418604651 0.882352941176471 0.277777777777778 0.277777777777778 PCA 50 8
0.669317698511459 0.766315660134609 0.697674418604651 0.882352941176471 0.4 0.4 softImpute 50 8
0.536685164119321 0.541745214865828 0.307692307692308 0.117647058823529 0.510869565217391 0.522222222222222 SSVD 50 8
-0.508008056169926 -0.67513134439969 0.714285714285714 0.882352941176471 0.451612903225806 0.466666666666667 PMA_cv1 50 8
-0.353417011227815 -0.428766057866061 0.368421052631579 0.411764705882353 0.092436974789916 0.122222222222222 PMA_cv2 50 8
-0.766568622053697 -0.793876776746267 1 0.823529411764706 0.626865671641791 0.466666666666667 flashr_default 50 8
0.977814787518736 0.999602013352296 1 0.823529411764706 0.955223880597015 0.711111111111111 flashr_backfit 50 8
0.977251668659614 0.99971005145043 1 0.823529411764706 0.941176470588235 0.711111111111111 flashr_nn 50 8
0.977388630134051 0.999088565703398 1 0.823529411764706 0.955223880597015 0.711111111111111 sn_spMF 50 8
0.580912707582506 0.78264767657158 1 0.651162790697674 0.407407407407407 0.126436781609195 NBSFA 50 9
-0.136901268633788 0.760333932202812 0.971428571428571 0.790697674418605 0.29940119760479 0.574712643678161 NMF 50 9
-0.574351451758712 -0.684968274633463 0.770833333333333 0.86046511627907 0.346666666666667 0.298850574712644 PCA 50 9
-0.636205052890862 -0.724601916204558 0.770833333333333 0.86046511627907 0.4 0.344827586206897 softImpute 50 9
0.46772192236994 0.414576056945519 NA 0 0.41025641025641 0.367816091954023 SSVD 50 9
-0.462351180387031 -0.660647921531866 0.770833333333333 0.86046511627907 0.357142857142857 0.28735632183908 PMA_cv1 50 9
0.371972221483758 0.402386177896609 0.966666666666667 0.674418604651163 0.197802197802198 0.206896551724138 PMA_cv2 50 9
-0.768604006429481 -0.744870298197828 1 0.744186046511628 0.709090909090909 0.448275862068966 flashr_default 50 9
0.77466031723917 0.680101358389757 1 0.767441860465116 0.696428571428571 0.448275862068966 flashr_backfit 50 9
0.976959890362728 0.999719901409065 1 0.744186046511628 0.912280701754386 0.597701149425287 flashr_nn 50 9
0.973533336155154 0.999620269051967 1 0.744186046511628 0.962962962962963 0.597701149425287 sn_spMF 50 9
