K	alpha1	lambda1	coph	correlation	nfactor	optimal_run	optimal_obj
20	70	100	0.799716378767635	3.23502481925112	8.36666666666667	7	52798.2960560153
15	90	100	0.804062470300452	3.02298375792923	7.2	16	56835.2731987417
11	80	100	0.817621988941264	3.0324977456993	7.33333333333333	14	54728.1489905726
17	80	100	0.825118774007623	3.05979462125402	7.43333333333333	29	54938.4732445614
17	80	90	0.827582308270081	3.14821421488476	7.76666666666667	7	53497.4268036965
16	90	100	0.82917595730746	3.02010271625481	7.16666666666667	28	56863.5725972844
19	100	90	0.83320629191384	3.06202394030082	7.3	28	56840.9639170058
12	100	90	0.838323043756058	3.02854497072472	7.3	12	56966.6065381798
11	90	90	0.838818062563446	2.99766893844943	7.06666666666667	15	55451.4163386917
13	90	90	0.839613689858955	3.05276562882689	7.46666666666667	8	55291.8243434817
18	80	100	0.842965818944455	3.08228976617324	7.6	27	55080.7486108495
12	80	70	0.843103745991198	3.21797590277002	8.4	29	49627.6967403731
16	100	100	0.843262103851875	2.9651916026284	7	28	58362.522528037
15	100	90	0.843965094359704	2.98265288397148	7.06666666666667	4	56802.2377517521
15	90	80	0.844879384869654	3.12131052984105	7.83333333333333	7	53495.574408645
20	90	70	0.848764691165245	3.13461205488184	8	16	51071.2069837121
18	100	90	0.849072643048685	3.00660805908161	7.2	22	56908.7858914817
17	90	80	0.852615377698228	3.12038142519199	7.76666666666667	28	53619.0257734424
19	80	80	0.853654387051645	3.17650537352327	8.16666666666667	1	51673.7105684105
20	100	90	0.853800247296616	3.01305465632135	7.23333333333333	7	56829.6142346272
12	70	100	0.853967465408434	3.15002042445954	7.9	28	52882.055714054
15	100	80	0.854005492129363	3.0642582812982	7.43333333333333	6	55189.2750593789
17	70	100	0.854673213793271	3.2153308833782	8.3	22	52683.488264911
15	80	90	0.85515968959223	3.11796979196297	7.73333333333333	4	53376.1613364278
20	70	90	0.856545130002119	3.26569010594895	8.6	15	51353.5595431084
19	70	90	0.85697790593905	3.23768149826902	8.5	8	50955.9767250913
12	100	80	0.858748950374075	3.01749675342793	7.26666666666667	30	55355.5158589162
19	70	100	0.859254924874968	3.25247866385931	8.33333333333333	9	52537.4414377553
10	100	100	0.859452908694851	2.87677887467822	6.53333333333333	12	58489.5716987369
19	100	100	0.860429310446722	2.92986227509989	6.76666666666667	8	58428.0382803352
12	80	100	0.861046809901179	3.06742136829771	7.36666666666667	9	55164.7711419762
13	100	50	0.861056534569053	3.20179408312307	8.43333333333333	15	48290.0412023308
13	90	50	0.861296267497361	3.30560609098212	8.96666666666667	3	46489.0234806965
11	100	100	0.863374595623036	2.95915082143542	6.8	4	58331.9542851481
14	60	100	0.863689266043286	3.27673626925067	8.6	25	50673.7648129229
11	80	20	0.865301185777677	3.53911278573342	10.8	16	33811.7679729885
10	40	80	0.867560547403657	3.4081964468585	9.53333333333333	14	42378.2369766093
13	80	100	0.868558034453476	3.06375001916252	7.5	13	54894.286905034
19	90	50	0.86863195605153	3.41835832740925	9.63333333333333	13	46395.7380617987
17	80	70	0.868841789847428	3.27768690669276	8.76666666666667	21	49679.659186733
15	80	100	0.869519626804162	3.05006509216726	7.3	13	54842.1120780512
18	90	100	0.870105238508633	2.98627996054832	7.06666666666667	27	56904.579907836
19	80	90	0.870281471957038	3.16542143974166	8.13333333333333	18	53430.2080268253
20	90	100	0.872006476983171	2.9862765415847	6.96666666666667	28	56902.2236370073
19	60	100	0.87209245243456	3.29944448129613	8.63333333333333	6	50298.7441411652
13	90	60	0.872243044696901	3.23828081080864	8.6	18	48745.8986915421
11	90	100	0.872583273193255	3.00392105908355	7.03333333333333	14	56810.9472622399
11	100	90	0.873284964921226	2.96809281110678	6.96666666666667	8	56987.2817998547
14	70	90	0.873622282307466	3.22737699338251	8.4	8	51018.8973071819
20	100	70	0.873959354751591	3.05480662409816	7.53333333333333	25	53321.58220146
15	100	60	0.8744625192783	3.12182236744796	7.86666666666667	19	50453.5583231166
16	100	90	0.87505701558775	2.9892511561368	7.13333333333333	25	56891.6730949801
17	100	60	0.875151981195146	3.12676212208512	7.93333333333333	8	50942.9946351957
16	80	100	0.875462445441505	3.08696369186774	7.6	28	54911.5124443436
19	90	80	0.875991173445932	3.10578734318858	7.76666666666667	18	53361.9103775513
13	80	90	0.876085704338743	3.15617822405659	8	26	53290.3652278812
15	60	100	0.876333026465536	3.22950152103022	8.4	11	50254.629933368
16	80	90	0.876892696216829	3.07534771173535	7.56666666666667	29	53543.3975178176
18	90	90	0.876927688552077	3.07300377078802	7.46666666666667	29	55240.8067283095
11	40	40	0.877396382899036	3.57986661757246	10.9333333333333	5	34465.8295047542
14	70	100	0.877414063236864	3.17461640857485	8.1	19	53236.6921334064
12	100	100	0.877552817533926	2.89964006594767	6.6	2	58349.2271387187
13	90	100	0.877640846990454	2.98394322482368	6.96666666666667	17	56790.6933186482
12	70	70	0.877726126133029	3.26830481864033	8.7	16	48047.256772748
10	90	80	0.878309607524954	3.01346654131998	7.2	22	53683.7866849045
18	100	100	0.8790536649357	2.93052264198489	6.8	20	58382.4041427035
14	70	70	0.879266261706434	3.3093785235878	8.93333333333333	24	47827.7517017972
10	70	100	0.879302587650955	3.11608023087614	7.66666666666667	29	52882.2299787895
13	90	80	0.879417308802611	3.07630613882595	7.6	1	53263.0217021075
16	80	60	0.879751113955389	3.3395058244065	9.06666666666667	6	46911.8442286772
12	90	100	0.879884917103207	2.93997834769198	6.8	6	56932.0419324176
20	100	50	0.879945096522383	3.28494366022325	8.86666666666667	17	48279.6464255536
15	100	40	0.880254903214039	3.38000691845346	9.5	16	44355.0717496834
19	90	70	0.880630012051022	3.21597032489739	8.4	5	51012.8062673088
10	80	100	0.88076838559993	3.04915281514784	7.46666666666667	24	55243.5488022981
11	60	100	0.8808435138134	3.22719388527803	8.33333333333333	3	50374.7400311888
11	70	60	0.881612792572257	3.34376746972628	9.23333333333333	25	45793.4005719511
10	70	60	0.881796496099969	3.280721460231	8.8	21	46215.1551378282
16	90	50	0.882287144366864	3.35293173174958	9.26666666666667	14	46425.8785093802
12	90	90	0.88244626140172	3.00590238185159	7.16666666666667	28	55283.9312746964
14	60	90	0.88312479805886	3.34128509982741	9.06666666666667	28	48685.0047328503
16	70	80	0.883339777061215	3.30599843268563	8.96666666666667	3	48988.0319843044
12	90	10	0.883614952720814	3.65576473322245	11.7666666666667	2	28213.2400455109
17	90	90	0.883834028516678	3.01485460163976	7.2	16	55000.6546826911
11	70	90	0.883908581222566	3.15327395871478	7.93333333333333	27	51614.4563597768
16	60	90	0.884089680982127	3.3306078830562	8.96666666666667	8	48808.9146195112
10	70	70	0.884689894854064	3.24704962528629	8.56666666666667	11	48021.6697611198
16	100	50	0.885352299381895	3.27026908204043	8.8	9	47787.495599344
16	90	90	0.885758427094927	3.02628162185002	7.3	22	55369.2078635713
10	90	90	0.885880415744003	2.98921884355987	7	4	55430.9520112948
11	60	60	0.886309412317252	3.41623180864168	9.66666666666667	17	43590.6117436836
18	60	90	0.886683046895433	3.36111083764062	9.16666666666667	21	48720.8509163008
18	80	70	0.88678381781467	3.28760669773681	8.86666666666667	5	49302.0136702621
12	90	70	0.886899025527419	3.16744631959911	8.16666666666667	22	51095.7278668644
12	80	90	0.886914268028681	3.09476958346793	7.7	8	53552.9828199474
12	90	50	0.887013957258442	3.27343251428936	8.9	9	46044.6269811921
11	70	70	0.887241538393342	3.20569575261529	8.36666666666667	1	47524.5113510114
14	80	90	0.887300464715009	3.14647477160232	7.83333333333333	28	53649.1564290582
19	70	80	0.887613030412608	3.28068463523348	8.66666666666667	4	49264.9020207901
10	60	80	0.887805565766011	3.28080694485375	8.73333333333333	8	47520.4595456692
15	100	50	0.888788880226957	3.2400222530267	8.6	11	48083.7899640836
16	100	60	0.888841758932342	3.21256336009624	8.46666666666667	12	50281.0692647624
11	90	40	0.889582855879248	3.34399181979565	9.3	13	43807.8483294085
15	70	100	0.890144628239617	3.16501926626796	7.93333333333333	28	52773.3247317096
12	100	60	0.89030060349755	3.06632884671457	7.63333333333333	15	51226.0378463422
10	100	80	0.89030191809343	2.9819021947456	7	3	55234.4380617702
17	70	80	0.890637748523317	3.33452506019846	9.06666666666667	20	49327.1130474303
17	100	80	0.891395196295535	3.07327892918155	7.56666666666667	22	55236.041877806
15	70	90	0.891624784474472	3.21041628090097	8.36666666666667	25	51416.6605614787
19	80	100	0.891726929900809	3.04009153429823	7.3	16	54880.1846971196
14	80	50	0.891969437319974	3.40629837365925	9.56666666666667	10	43725.7563790982
10	60	60	0.892003804184731	3.35475692383875	9.23333333333333	24	43982.3560069743
16	90	80	0.892163598267043	3.10861914427952	7.76666666666667	9	53254.7623678844
11	60	70	0.892539783947362	3.36320540690481	9.3	12	45478.7019333101
18	90	80	0.892995462025043	3.11707079457747	7.76666666666667	10	53471.7056739572
12	70	60	0.893107042899936	3.34436201148655	9.16666666666667	25	45008.8005542922
11	80	50	0.893323754210661	3.3557045254592	9.26666666666667	10	44869.4002431517
10	80	60	0.893369084541005	3.22410616839647	8.5	1	47730.3686437937
20	60	100	0.893419330929816	3.29229610700232	8.7	14	50345.9662972549
20	80	100	0.893490775328727	3.0646530936544	7.43333333333333	22	54785.8653022169
15	80	60	0.893715774106613	3.26445393023948	8.8	14	47073.9939869566
15	70	70	0.893790144016389	3.32060377609385	9	3	47384.6519980539
11	90	70	0.89381505063029	3.12182628491968	7.8	4	51470.3581047121
16	60	100	0.89383291745148	3.29492440732293	8.63333333333333	21	50295.8324105206
11	70	100	0.894208335019959	3.1010913944716	7.66666666666667	27	53161.1824158004
11	90	80	0.894475195003654	3.06609042986261	7.5	6	53552.9267582453
13	80	70	0.894582149385071	3.2098815609814	8.36666666666667	24	49932.5019593872
20	100	100	0.894752210310322	2.95407121611634	6.83333333333333	23	58347.6731621595
13	80	50	0.894753716294445	3.42124938568078	9.76666666666667	21	44655.2671802778
13	100	80	0.894811803111958	3.00090872439124	7.16666666666667	1	54870.1765824782
17	70	60	0.894840094345074	3.46997204908092	9.86666666666667	8	45019.524381238
16	70	100	0.894859826016621	3.19343725208336	8.16666666666667	23	52888.0974402175
12	60	80	0.895093028049932	3.33266866933851	9.06666666666667	21	47077.4733858061
11	90	50	0.895535424934476	3.23820469579553	8.6	14	47109.7945857401
10	30	100	0.895583300146192	3.44911161684773	9.76666666666667	5	41440.9984156181
12	80	60	0.895722036530765	3.26901527189898	8.73333333333333	19	47609.9793766993
18	70	100	0.896670083934261	3.21972966493524	8.26666666666667	20	52538.9409597786
11	90	60	0.896690409349966	3.18502960403181	8.3	18	49300.9689237095
10	80	40	0.896891283874675	3.35437837988356	9.36666666666667	1	42608.7631464536
12	80	80	0.897459537212771	3.10010870093315	7.6	23	51745.6191130743
10	60	70	0.897692483053065	3.2760391458632	8.76666666666667	22	45799.699362785
19	90	100	0.897708795718953	3.03247365230607	7.3	2	56871.9252801771
18	60	100	0.898231520110588	3.31947487491718	8.83333333333333	22	50364.2701639972
16	80	70	0.898344476695856	3.29303580216001	8.83333333333333	6	49144.5611488115
19	80	70	0.898383189361814	3.2561810483868	8.63333333333333	9	49365.5080180089
11	50	100	0.898889895831975	3.3570689186785	9.03333333333333	17	47679.4318298126
12	90	60	0.899397302155755	3.24098978869744	8.56666666666667	15	48865.2517537793
13	100	100	0.899499208723132	2.89385178970274	6.53333333333333	20	58460.9452781063
15	90	70	0.899584656134661	3.17921629484953	8.23333333333333	5	51403.3353853937
15	90	50	0.89966514729021	3.35173608016881	9.33333333333333	25	45997.5570641138
11	60	80	0.899711184083358	3.30828272204083	8.93333333333333	19	47223.7606401069
16	90	60	0.900033616259413	3.28567749144827	8.83333333333333	25	48873.8902466019
17	90	100	0.9001477771201	2.97040422352074	6.9	8	56912.1214754066
16	80	80	0.90040808782296	3.15811643464386	8	22	51768.9204645279
14	70	80	0.900639207849503	3.26831727858837	8.63333333333333	28	49513.234590439
20	100	60	0.90072816011383	3.22562932580004	8.5	8	50904.8437111508
18	90	70	0.900772205435581	3.21233713464468	8.33333333333333	17	50951.5147603936
12	50	90	0.900884722406529	3.42079550930476	9.56666666666667	27	46116.2102008314
11	100	50	0.900932825965231	3.19704926676597	8.4	15	47988.0335494403
12	90	80	0.901369991701461	3.02791190681574	7.3	12	53699.7045834104
18	90	60	0.901709878618949	3.3336967705405	9.13333333333333	5	48896.5188163063
17	60	80	0.901712907473874	3.41797625909583	9.5	29	47098.7191293662
11	100	60	0.901847807404357	3.07648148079162	7.73333333333333	14	50789.9504949163
10	90	60	0.901905431581974	3.10677400999702	7.8	22	49590.4491343436
11	100	80	0.90197458121842	2.98524638932419	6.9	22	55480.1957713789
20	80	80	0.902027729486647	3.14247246617383	7.96666666666667	17	51638.3919437201
10	100	70	0.902118582787478	3.05186643637795	7.46666666666667	4	52874.7391080705
15	80	80	0.902744544991228	3.16101138402882	8.03333333333333	27	51696.7728660557
11	50	90	0.902765354782861	3.31922130625576	9.03333333333333	13	46386.6821934539
20	60	90	0.902996932936191	3.36426167729185	9.13333333333333	20	48768.910525112
17	70	90	0.903070958086324	3.23857693820808	8.53333333333333	12	50985.8661787291
10	80	50	0.903084000688657	3.26377399819968	8.8	9	45363.7305088653
12	60	100	0.903114824256443	3.23455796957072	8.4	4	50294.043795438
14	70	60	0.903232696954718	3.4025945560247	9.56666666666667	18	45022.1987051254
12	100	50	0.90332198252653	3.18267741350493	8.2	5	47451.6010295255
15	100	70	0.903881077522259	3.13917641722112	7.9	20	52959.9498104929
10	90	100	0.904476383347962	2.93030543629745	6.6	29	56690.4094736227
13	100	60	0.90456840653805	3.14253066354811	8.06666666666667	23	50761.9376334464
10	90	70	0.904581427796706	3.09964141060418	7.73333333333333	1	51668.5754269665
12	100	10	0.905065701475417	3.58372130562319	11.3666666666667	10	28928.1430207919
15	90	90	0.90506832768994	3.02132360955562	7.2	9	55158.9116863451
12	50	80	0.905087500623141	3.45240294456567	9.63333333333333	3	44904.6189576278
18	80	80	0.905305985760681	3.17174512832883	8.1	30	51223.1429672986
20	90	90	0.905446333816803	3.09472161715192	7.66666666666667	13	55009.4190229962
16	70	90	0.905734158511469	3.22703424418374	8.36666666666667	16	51266.9462853765
15	80	70	0.905921152563942	3.2666966880795	8.66666666666667	13	49369.9030657938
11	80	90	0.906168823192913	3.08448925143254	7.63333333333333	24	53354.726903607
17	70	70	0.906335923616146	3.3525667710889	9.2	16	47150.8639677145
13	50	100	0.906675412450676	3.39509456880978	9.3	2	47771.4650452253
17	100	70	0.906678085786904	3.08158325394453	7.66666666666667	5	52871.5455233643
10	100	90	0.906761576100815	2.89164381252759	6.43333333333333	19	57217.8920179948
12	60	90	0.906802391265436	3.2724398936072	8.63333333333333	17	49192.6277510417
17	100	50	0.906878454126502	3.21789583361403	8.53333333333333	25	47552.6813094733
17	60	100	0.906884109873348	3.2537049368678	8.5	15	50539.3921705021
20	90	50	0.906933969356996	3.38812391343689	9.4	6	45722.7956073472
19	60	90	0.907092071537574	3.36310014455286	9.16666666666667	25	48715.171265425
15	100	100	0.907117016003145	2.91842871919872	6.73333333333333	15	58283.9255104171
16	70	60	0.907180691867924	3.45622990848045	9.86666666666667	22	45123.3077353657
18	100	60	0.907236139961347	3.13124466951524	7.93333333333333	7	50825.9899765799
20	90	80	0.907724978537388	3.04110558967895	7.36666666666667	16	53242.2991604592
17	90	60	0.907853592406057	3.27956326325794	8.63333333333333	21	48985.8556258896
11	100	70	0.908027350161756	3.02485696724108	7.4	7	53233.8140329867
17	80	80	0.908645443857789	3.19423244363659	8.3	9	51287.6869239911
20	80	90	0.908812458485488	3.15564065408022	8	15	53364.0943671335
20	80	50	0.909040688402261	3.47336595743518	9.93333333333333	8	44322.1875559968
20	90	60	0.909107709366382	3.29705627458711	8.9	18	48826.8155072954
20	80	60	0.909627401396729	3.37872051457319	9.3	10	46950.2001967052
10	40	90	0.910126528139805	3.38837690717347	9.43333333333333	24	43573.461429106
10	100	60	0.91096985733083	3.07051879318193	7.6	12	51120.9936676819
12	70	10	0.911299459050269	3.62875949768024	11.9	22	26517.9632763021
16	100	80	0.911377884254442	3.0600753764114	7.46666666666667	1	55204.4346481042
19	90	60	0.911522986648525	3.30837746390926	9	21	48756.7085421998
13	100	90	0.9120759660194	2.96720055034601	6.86666666666667	16	56959.6595269695
12	70	90	0.912750707936574	3.18532813599551	8.16666666666667	3	51519.6614597294
15	80	50	0.91304388364306	3.4274338812735	9.7	10	44451.6181355804
10	100	20	0.913085806251832	3.36808873297717	9.4	29	37109.2786285161
10	70	80	0.913247822321436	3.17104767087401	8.13333333333333	24	49600.232545573
12	80	50	0.913407407227131	3.38629631412554	9.4	15	45002.4508486026
14	80	80	0.913690551231673	3.16340023720069	8.1	29	51772.9118538956
17	80	50	0.914473921687231	3.50986946986628	10.2	8	44070.5000568069
19	100	60	0.914903063342412	3.24144440057139	8.5	9	50356.0159025221
18	80	90	0.914981376580716	3.1398696167425	7.9	16	53191.6866536979
13	100	10	0.915072079328602	3.69627301329408	12.0666666666667	4	27597.2979833274
11	90	10	0.915277718677376	3.51244959875919	10.9	7	29492.5439290891
10	50	70	0.915554479016797	3.34857082794432	9.26666666666667	4	43226.4091237114
16	90	70	0.915599108885616	3.17571267058381	8.13333333333333	3	51458.6086102412
15	60	90	0.916129926406784	3.3464117640101	9.03333333333333	23	48808.580481246
13	80	60	0.916140131687789	3.30412196659938	9	9	47296.2334582528
10	100	50	0.916306122275665	3.1224196121087	7.93333333333333	19	48499.5303854576
11	50	70	0.916675448934063	3.44564307313488	9.86666666666667	10	42674.4300710489
16	50	90	0.916955350165466	3.44116176786225	9.73333333333333	5	46273.9541260751
19	100	80	0.917043023844227	3.03525635501406	7.2	17	55285.2776077657
12	40	90	0.917145912260702	3.50403758707785	10.0333333333333	6	42887.0156435145
14	80	60	0.91794598065429	3.28431240658811	8.9	26	47119.9823990358
16	100	70	0.917961888962393	3.06206033059146	7.56666666666667	1	52880.1239796514
13	100	70	0.918078292336134	3.06829021225495	7.53333333333333	3	53229.300897226
14	100	50	0.918267943233259	3.25036410230532	8.63333333333333	11	48201.2073390294
19	100	50	0.918302163553386	3.326831037752	9.13333333333333	20	47727.0069427476
10	90	20	0.918634062405993	3.4106015884763	9.66666666666667	11	36256.040127441
11	80	40	0.918787271884988	3.3994479896618	9.66666666666667	19	41694.0448583162
18	70	60	0.91888707168538	3.49445843754616	10.0333333333333	11	45046.5121048393
12	10	90	0.919626956686844	3.79683266656003	12	25	28699.3012544916
20	100	80	0.919900794727348	2.99804536910189	7.13333333333333	9	55134.4105149349
14	80	70	0.919938033790852	3.20574819119095	8.33333333333333	12	49811.042876785
18	70	80	0.920540482557479	3.28188649376554	8.73333333333333	1	49139.6860771551
10	50	100	0.920747155334284	3.24523148861869	8.4	20	48214.6085509945
12	40	80	0.920753872791231	3.57265812723994	10.4333333333333	4	41016.5869279294
17	100	100	0.921329812336445	2.93161254060984	6.73333333333333	14	58337.2614161671
11	80	70	0.921519464672525	3.17304209205066	8.13333333333333	1	49747.5790340348
11	80	60	0.921537859588666	3.25916767466093	8.66666666666667	20	47343.3335269221
11	40	100	0.92209506492289	3.44959219040295	9.56666666666667	24	44407.515931252
13	90	70	0.92249317862145	3.13088696411778	8	20	51235.1979982865
19	90	90	0.922591448545347	3.02658790610746	7.26666666666667	2	55172.6053848311
16	70	70	0.923163852332778	3.33901361374947	9.2	19	47354.8076495011
10	50	90	0.923223692979641	3.31839504401563	8.86666666666667	29	46356.5656437208
10	90	40	0.923511303176753	3.31421782332481	8.9	6	44068.1612320952
19	50	90	0.923883551435526	3.53110733108504	10.2	21	45139.9723654073
11	100	10	0.92401064323442	3.49826951154129	10.7666666666667	13	30215.6553879168
10	70	90	0.924185503992069	3.13020966364417	7.8	30	51885.5433881298
11	80	80	0.924206148405549	3.14770921024352	8	20	52098.0252746021
10	100	30	0.924464386230536	3.30718339386547	8.96666666666667	9	42155.1596765282
14	70	20	0.924605363729714	3.80987749662311	12.8666666666667	13	29195.58412815
12	100	40	0.924749380731571	3.30257498565835	9.03333333333333	1	44911.953717286
19	100	70	0.924966977547644	3.10436086424185	7.76666666666667	28	52648.1552495059
11	60	20	0.925506264913129	3.52503560587765	11	11	31543.333527117
10	100	10	0.925560679910108	3.34343326742938	9.76666666666667	13	31769.7665971172
10	30	90	0.926784925579322	3.44564827611685	9.73333333333333	25	40290.7150410566
12	60	70	0.926993920286228	3.40283665955414	9.56666666666667	27	44760.938994574
12	40	100	0.927411677878282	3.46424273681582	9.76666666666667	28	44339.3785134938
11	100	40	0.927458739260552	3.27863080723165	8.73333333333333	11	44970.0971056616
15	60	60	0.9274840713334	3.50919745868906	10.2333333333333	14	42322.9022771097
14	50	100	0.927542466376804	3.41236698573629	9.36666666666667	16	47712.4114461095
12	20	80	0.927543254972475	3.77796007439453	12	10	33256.3635042068
18	100	50	0.927728597137647	3.25869578316329	8.73333333333333	26	47744.1127945144
12	50	100	0.9278265190824	3.36344353029667	9.2	6	47646.5174247427
11	50	80	0.927934285875065	3.43360115258805	9.66666666666667	27	44707.8981988866
18	100	70	0.928049176751672	3.09429637373779	7.7	7	52807.8895642839
18	100	80	0.928064725026165	2.97045780362592	7	30	55097.9327345492
20	80	70	0.928506751356403	3.31043417072824	8.93333333333333	21	49307.0295767987
12	60	60	0.928808708965823	3.44924886947003	9.86666666666667	16	43061.6053736387
19	60	70	0.929541969154434	3.49901343660626	10.0333333333333	22	44265.3046606693
12	30	60	0.929658636558975	3.73023741712462	11.8	12	34312.7521605295
12	90	40	0.929676260779021	3.42557545898559	9.76666666666667	17	42728.1525978597
17	90	70	0.92969423493593	3.10188941852846	7.8	4	51013.0818450319
10	90	50	0.929831538188755	3.22100300179932	8.5	13	46578.3578611411
18	90	50	0.929927315647133	3.37344228912236	9.43333333333333	1	46430.5159234612
20	70	80	0.930090440745427	3.27116443829351	8.7	18	49230.7564192279
15	90	60	0.930175124631722	3.22155353071886	8.46666666666667	26	48703.0974187626
18	70	70	0.930333208752329	3.41290765605214	9.5	14	47282.3515368428
11	60	90	0.930574541847352	3.24956429425798	8.46666666666667	11	49139.1872858485
18	70	90	0.931347281581373	3.29168845724822	8.73333333333333	30	51039.0152076391
19	80	60	0.931491343801096	3.39063268139281	9.46666666666667	18	46947.7319312415
16	100	40	0.931576548328791	3.42773477223436	9.73333333333333	13	44921.2944166538
16	80	50	0.931709890471614	3.42964906747343	9.8	27	44411.9356690771
17	60	90	0.93177061829888	3.36188243357784	9.2	6	48715.0523635764
20	60	80	0.931780239498425	3.43529886574488	9.66666666666667	17	46738.6424046047
11	70	80	0.932041135550779	3.18515563969402	8.13333333333333	17	49826.9860301073
19	70	70	0.93205484005341	3.36657649373679	9.33333333333333	22	47344.9806156177
15	70	80	0.932130265399486	3.26451705618681	8.66666666666667	4	49384.1775108357
15	60	70	0.932237369257247	3.54301914054024	10.3333333333333	11	45079.184015456
10	50	60	0.932598490042974	3.41179185301745	9.53333333333333	29	41504.7205892653
14	80	20	0.932600623859456	3.81849081896024	12.5666666666667	6	30298.3818282406
10	80	90	0.932818863634851	3.05036340021156	7.4	14	53725.4562025541
13	100	40	0.933017240020839	3.37652267777654	9.4	16	44769.0272462935
15	70	60	0.9330202710894	3.43791145867206	9.73333333333333	26	45012.6789410212
11	40	90	0.933708625898925	3.48735731088159	9.93333333333333	21	42886.5663802517
18	60	80	0.9338742323479	3.42731949823254	9.56666666666667	3	47350.2797899315
17	80	60	0.933932217634516	3.3560209415884	9.23333333333333	11	46884.3392177106
11	100	30	0.934379122237972	3.38517830763751	9.5	8	40677.3375889537
13	30	80	0.935016404214072	3.7500186592182	11.7666666666667	1	36431.7506404319
12	50	10	0.935256297966642	3.63677996841786	12	13	24626.2454464513
17	50	100	0.935263159882635	3.40416462258736	9.4	8	47684.5137036261
15	50	100	0.935267984963516	3.38761498138392	9.36666666666667	11	47622.1418457352
14	60	70	0.935577470435051	3.46805218732441	9.9	24	44228.2983584738
10	70	50	0.935646035912838	3.33740122666068	9.2	18	43382.5573853241
11	60	50	0.935867694710776	3.46285345587894	10.0333333333333	16	40835.4350000672
13	100	30	0.935953480384844	3.50425589533656	10.0333333333333	18	40971.3940556379
16	50	100	0.936194846911865	3.45200750055869	9.66666666666667	22	47751.6659043876
14	50	90	0.93621231523834	3.48597833279244	9.93333333333333	26	45902.5506164284
14	100	40	0.936253594256923	3.41728126669464	9.6	6	43917.5387667187
14	40	80	0.937267020563303	3.63194789619218	10.9333333333333	23	40746.1999403293
11	70	50	0.937673300329265	3.40450857895251	9.6	17	43194.9180902789
13	80	80	0.937721717610167	3.13445420197049	7.9	16	51637.1124134963
15	60	80	0.938209978571805	3.40449427893952	9.53333333333333	2	47069.1915994233
19	80	50	0.938602304595595	3.47104060790859	10.0666666666667	3	44014.209942727
18	80	60	0.938653026831687	3.31824590777925	9.1	7	47009.3782944363
18	80	50	0.938769115518772	3.48909001697373	10.1333333333333	1	44528.1796571972
17	90	50	0.938819997553965	3.39532668586001	9.6	21	46111.1409794796
12	50	70	0.939186837204839	3.53065250128524	10.2	7	41804.6076042785
16	90	40	0.939702094401975	3.55736881028537	10.4333333333333	26	43112.5083434975
12	60	10	0.940060518562062	3.63932712258039	12	9	25579.3335285882
10	60	100	0.94020809543563	3.12840134637022	7.83333333333333	10	50653.9123554346
12	100	30	0.94026523627897	3.46649939588686	9.9	2	40624.3662063241
10	80	20	0.940594909918625	3.40439474369289	9.9	14	35195.1992646311
10	80	80	0.940647729403522	3.10583980435299	7.7	25	52080.297108942
11	30	60	0.940720382177324	3.57196071084068	10.9333333333333	15	35364.0663474507
16	60	80	0.940857890323249	3.36600864054378	9.26666666666667	4	46980.7734919557
10	70	40	0.940998694810359	3.38902884327509	9.6	14	40711.9814193095
16	60	70	0.941108183055455	3.52606548912458	10.2	10	45008.0302592003
11	100	20	0.941159656608426	3.48642900683027	9.96666666666667	7	36134.5784919429
16	60	60	0.941464933778325	3.56234588287346	10.5333333333333	30	42804.8150194302
12	30	20	0.941713575075983	3.64554488605925	12	12	25618.9858722097
14	50	80	0.941804014717215	3.49990793017133	10.1	9	44268.8829678006
12	70	50	0.941834620431647	3.46578117665628	10	16	42743.533913553
20	50	90	0.941886331222893	3.55332996710437	10.2666666666667	10	45856.1520855992
10	40	70	0.941893637341446	3.42432252810819	9.7	26	40723.3825168807
11	40	30	0.941956751218458	3.56174159391199	11	19	31833.7379753769
19	40	100	0.941965760775605	3.5790456774899	10.5	4	44224.1809711426
17	100	40	0.94216386280688	3.47592338658192	9.93333333333333	20	43903.5878086706
18	40	100	0.942248640433073	3.66363043165653	10.9333333333333	26	43578.0750942218
10	60	90	0.94225992334529	3.1839891375496	8.16666666666667	4	49191.0070859403
17	90	40	0.942279790949293	3.50484486676795	10.1666666666667	1	43107.309958606
20	10	40	0.942507035914219	4.71361673376261	20	26	13110.5536759344
11	40	80	0.942609365345713	3.5249417440144	10.1333333333333	6	41448.6745542855
20	100	40	0.942802638507544	3.46216745692528	10	9	44017.9051510002
12	50	20	0.942926196356558	3.65150998225676	11.9666666666667	3	28854.7177414699
11	20	100	0.942930756305694	3.64093530808507	10.9333333333333	20	36474.2449932508
20	70	70	0.942991154919856	3.40467277408714	9.5	18	47396.4837011018
10	50	80	0.943196575127522	3.35118381362807	9.26666666666667	4	44788.9556025384
19	100	40	0.943452056044732	3.39885360025228	9.63333333333333	9	44466.3558686328
12	100	70	0.94349066429798	3.08577154935645	7.63333333333333	13	52943.2443685652
13	90	40	0.94380157400143	3.42148845669277	9.76666666666667	11	42968.398710885
12	70	20	0.944032418183841	3.67607020977072	11.8333333333333	10	31517.8297308171
19	50	100	0.944195823252914	3.4784110087171	9.86666666666667	26	47123.4434246217
12	40	20	0.944301084962518	3.64735089515701	12	12	27372.8141694054
18	50	90	0.944341054829619	3.48814431511398	9.9	24	46066.5455463071
11	50	20	0.944705410202192	3.51632102034508	10.9666666666667	11	30271.0363544119
19	50	70	0.944767428314425	3.65538198222059	11.0666666666667	29	41218.6106983077
20	70	60	0.944806625340322	3.49907911039141	10.1666666666667	27	44702.7683453094
20	60	70	0.944973629710134	3.54518450554607	10.3	11	44984.4206120474
18	50	30	0.944973884987159	4.10815231851789	14.7333333333333	21	28903.2303100149
12	20	20	0.945167593907362	3.6589101011297	12	23	23553.6149408312
11	50	60	0.945196221283306	3.48927177605216	10.1	13	40602.6892561953
10	90	30	0.945595917273905	3.39476816361156	9.5	26	40399.9762211393
12	20	100	0.945739044222552	3.79429248952895	11.8666666666667	9	35177.5656236864
10	40	60	0.945904973982592	3.45648136868401	9.86666666666667	17	39301.0094219176
10	30	70	0.945942665336515	3.45402099381254	9.96666666666667	17	37923.3649841817
19	60	80	0.946041348293562	3.48989059936477	10	4	46642.4566424848
19	40	50	0.946099975653092	3.99707834073502	13.6333333333333	4	32867.4719216994
12	70	80	0.946122291594538	3.25702877731612	8.53333333333333	24	49380.3518570912
15	30	70	0.946159420780661	3.89879566345779	12.9333333333333	16	33270.6175062503
13	90	10	0.946175096063604	3.72205716419808	12.4333333333333	1	26788.9506287065
17	50	90	0.94631650352401	3.49644007904091	9.96666666666667	29	46195.2828844808
10	80	70	0.946506724992193	3.16824290297158	8.1	27	49762.5160442605
17	70	50	0.946565289563517	3.53486777347715	10.4666666666667	1	42253.8110707188
19	60	60	0.946690425887415	3.59386924944652	10.6666666666667	9	42219.3200566177
12	100	20	0.946814015021068	3.56072787454299	10.5	26	35351.3353749594
10	70	30	0.946826350940564	3.39127617306158	9.76666666666667	15	37644.4137171121
18	60	70	0.946911601473299	3.52578592697196	10.2333333333333	27	45022.3974354732
14	30	60	0.947032378676757	3.9297429766071	13.1666666666667	2	32371.8596989944
15	40	100	0.947428966924832	3.58009269754016	10.3666666666667	2	44032.3069443638
10	60	40	0.947517192610291	3.41343704423773	9.8	11	39046.1662491246
11	80	10	0.947570287359502	3.50826622994405	10.9666666666667	28	28806.7469455283
16	30	70	0.947717536724427	3.97102179684215	13.3	12	33986.1316215464
11	30	100	0.947915374049726	3.59189865205547	10.4333333333333	30	40625.8941611452
10	30	80	0.948026577470224	3.44440333563953	9.83333333333333	24	39085.9773098305
11	80	30	0.948281833620279	3.49821571386795	10.2666666666667	9	38374.6486421827
17	60	70	0.948578316036152	3.54763972640633	10.3333333333333	22	44152.4671221052
14	60	60	0.94862868867514	3.5724919033464	10.5666666666667	25	43105.6251207023
17	50	80	0.94867217659854	3.57875954953375	10.6	6	43430.1302693434
10	100	40	0.948722804636183	3.22275119040182	8.5	20	45878.6053138884
14	100	30	0.949009970818211	3.55389963576008	10.4333333333333	22	39803.5213606737
13	30	70	0.949184357927706	3.80374918981777	12.1666666666667	3	34944.857287335
12	30	30	0.949484359640396	3.69195566351039	12	17	28305.0328804656
20	90	40	0.949557312252745	3.52723288991555	10.3333333333333	18	43072.1201020419
14	70	50	0.949830911330468	3.533670644644	10.4333333333333	29	42772.6382858407
10	50	20	0.950159253438871	3.37474142119039	10	4	31924.9292406742
14	40	90	0.950389907405981	3.63922159264094	10.8	27	43025.9396394945
17	80	20	0.950679903329341	3.96190970876024	13.5	18	30413.1699557971
10	90	10	0.950704998827168	3.36889632679825	10	3	31131.6323907353
11	70	40	0.950890318778112	3.50413741429426	10.3	14	39944.2914566091
18	90	40	0.950998276169007	3.5051547437446	10.3	4	42476.834635787
11	30	70	0.951054687811641	3.60292369376277	10.8333333333333	26	36893.1018664434
14	60	80	0.951155265701811	3.42771230631436	9.56666666666667	9	47042.5181784461
19	70	60	0.951509432655987	3.52055324544562	10.2666666666667	13	44853.1215333292
14	50	70	0.951513392822212	3.61633637083493	10.9	6	41712.6588182074
15	100	30	0.951620968780563	3.52538868582453	10.3666666666667	20	40841.3301918148
15	90	40	0.951718654672061	3.49898592172815	10.1666666666667	29	42822.8905280098
10	60	50	0.951820839592723	3.38219466840457	9.5	22	41414.0178721452
10	40	100	0.951860480221806	3.34962411925114	9.06666666666667	5	44953.0886728458
10	20	100	0.952110802467639	3.47035523861845	9.93333333333333	13	37431.576606202
20	60	60	0.952216469460525	3.62523527080444	10.9	11	41969.6177510888
16	20	100	0.952910650394103	4.07175505251931	13.7666666666667	19	32832.3973154254
19	100	10	0.953123780498172	3.97945123581557	14.3333333333333	3	24954.8440755061
16	50	70	0.953519865669217	3.61575933631764	10.8333333333333	13	42138.4728519346
14	60	30	0.953804045327156	3.77485226320692	12.2666666666667	1	33444.2640951808
12	30	70	0.953914602032392	3.74594011120896	11.7666666666667	12	35619.0669052709
17	40	50	0.954198172596853	3.94941833609704	13.3333333333333	17	32722.1146809177
18	100	40	0.954443661457878	3.42559592672689	9.76666666666667	21	44432.4322707943
17	100	90	0.954542143094124	2.92281031312367	6.73333333333333	7	56978.8392430284
19	70	50	0.954597024921726	3.55328672791518	10.5666666666667	13	42566.7029957442
15	70	50	0.955439426734189	3.57147623386082	10.6666666666667	22	41770.4375917431
11	70	20	0.955739557276347	3.53082722361986	10.9565217391304	19	32690.3292868351
18	80	20	0.955746883095953	4.00781576652111	13.9	20	29779.7422783409
18	50	100	0.9557767079286	3.40402791969048	9.4	5	47548.5167817661
16	30	80	0.955858427980754	3.921976408617	12.7666666666667	9	35687.0328378754
18	50	80	0.955930555087394	3.54972866151289	10.4	10	44284.9843017998
17	50	70	0.956035674837375	3.65700527146509	11.0333333333333	4	41614.952177821
16	40	80	0.956187149951157	3.69402427316975	11.4	26	40588.2885213961
15	40	90	0.956267042647172	3.6634212220587	11.0333333333333	28	42705.3735315386
18	40	90	0.956749417550903	3.68861379356203	11.0666666666667	20	42510.0518893661
20	40	100	0.956760184688603	3.6169343216159	10.7333333333333	20	44389.51863871
12	30	90	0.956892699820184	3.69861519027678	11.2666666666667	3	38519.9938036556
11	50	10	0.956981099505576	3.50246286159059	11	21	26209.7795260031
18	70	50	0.957298661253809	3.5517663950566	10.5333333333333	25	42116.4955648537
14	50	30	0.957587355326345	3.87926763328382	13.0333333333333	21	30566.6095517119
15	50	70	0.957606081506226	3.57630970973693	10.6333333333333	12	41197.063611563
10	20	90	0.957619650564547	3.47610556873985	10	8	36498.4861511035
11	20	90	0.957736179116761	3.62703323676907	10.9666666666667	5	35412.836044233
14	40	50	0.957752418310169	3.84217413309335	12.6	14	33527.0108716009
16	70	50	0.95823097186712	3.56063506231045	10.6333333333333	27	42109.3616054007
10	40	40	0.958318488801948	3.44155400602325	10	9	35456.3331726584
15	80	20	0.958321370770886	3.82058948024204	12.5666666666667	12	30530.8906800858
20	50	100	0.958449464054956	3.46513260656456	9.76666666666667	13	47402.8914613683
11	40	70	0.958479233802618	3.54830417798284	10.3333333333333	30	40061.1333988737
10	60	20	0.958583077041531	3.36778661297138	9.96666666666667	3	33040.8097827575
19	80	20	0.95864436027908	3.98110127436767	13.6666666666667	22	29830.5042797396
12	80	40	0.958726616089517	3.45937590601582	10	18	41152.875756549
10	70	20	0.95884139780609	3.39108397625136	10	3	34136.9946944255
14	30	80	0.958942403047391	3.82399913853485	12.3	18	35415.9560014746
15	50	80	0.95896311320512	3.51520105138287	10.1666666666667	28	43689.2442675457
10	50	50	0.959079507446081	3.4157422126122	9.76666666666667	20	39534.8130574809
20	50	80	0.959403868102884	3.60687022040257	10.6666666666667	25	44193.1128722542
11	90	30	0.959430698368732	3.46019562622486	10.0666666666667	25	39691.1889021014
19	50	80	0.959443187466207	3.55005711072588	10.3666666666667	4	43992.8310752905
16	40	70	0.959602238312302	3.79168976649857	11.9	2	37607.5772891441
15	30	100	0.959669719711933	3.78526844303394	11.7	15	39010.5209067754
10	80	30	0.959789767591243	3.40087433761312	9.76666666666667	18	39100.2336602665
20	70	50	0.959862302850417	3.60442685451199	10.7666666666667	30	42169.2710801218
16	50	80	0.960069158677892	3.56809837685347	10.4333333333333	28	44440.6542861622
11	70	30	0.960232227036201	3.54493479452416	10.6	19	36755.0750018651
14	30	70	0.960251400305531	3.87914397766204	12.6666666666667	21	33982.4016150236
14	80	40	0.960284007587228	3.56442379812322	10.6	30	41654.09842911
11	10	90	0.960345975419723	3.70063968638094	11	11	30286.7797290509
12	70	40	0.960376004134743	3.53052246224634	10.4666666666667	20	39487.8532724426
18	60	50	0.960455239365118	3.69233932551965	11.3333333333333	30	39923.4314665172
12	10	70	0.960569792114247	3.79412352751347	12	29	26924.4166429063
12	10	60	0.96063222699973	3.76320696690937	12	20	26060.7096805572
18	60	30	0.96068819512164	3.95315295105047	13.5	4	31618.0200656399
12	90	30	0.960711542442158	3.44666642416939	10.0333333333333	10	39303.9654653937
12	10	40	0.960807153455806	3.76375618385685	12	28	23467.7132204042
12	20	60	0.960959815622212	3.76573426719147	12	12	30664.6364186417
10	60	30	0.961210994201176	3.39913143904664	9.83333333333333	6	36355.2299499762
16	30	90	0.961242210406473	3.84025335719873	12.2	15	37682.5466351424
18	40	30	0.961733323621186	4.28019672838761	16.0333333333333	24	25691.3300024456
15	50	90	0.96193178995258	3.45483737118048	9.76666666666667	27	45931.3568138682
18	40	50	0.961997695537964	4.0119352885055	13.8	7	32701.5326662588
16	70	10	0.962051672067798	4.08020032481106	15.4166666666667	2	21031.056754951
12	40	70	0.962329229755922	3.64835553222607	11.0666666666667	2	39234.4720933479
15	80	40	0.962488088524481	3.56173938356006	10.6	6	41129.7383358161
10	50	30	0.962782201326659	3.42930725151525	9.96666666666667	2	34876.1849753991
17	60	50	0.962801007991927	3.63646645460062	11.0333333333333	29	39083.5573850137
11	40	10	0.962809566767926	3.49879367693268	11	17	25217.035527184
19	30	80	0.962954534114401	3.94909688547445	13.1333333333333	2	35609.6507266782
19	60	30	0.963019651664746	3.95154509215934	13.4666666666667	29	31684.9106131093
17	80	10	0.963106787200735	4.05173892768844	15.1111111111111	5	22167.9367713381
11	30	80	0.963134442972679	3.59613101707891	10.7	7	38165.6412122847
18	100	10	0.963241562639868	3.91651433241121	13.9	10	24409.4786442894
16	40	100	0.963286959520822	3.57920775162813	10.5	15	43968.6233975722
10	20	70	0.963319189224318	3.47598216473003	10	11	34585.4883244856
10	50	10	0.963450003660768	3.35648567044608	10	16	28059.5331866186
17	40	90	0.96359844464154	3.64014404192182	10.9	10	42170.5855972595
18	60	60	0.963868320625123	3.6620617889712	11.0666666666667	28	42540.014480162
12	80	20	0.964343213205687	3.65533081087111	11.4	16	32673.570114682
19	90	40	0.964528664692223	3.51383594819879	10.2666666666667	7	43092.4618369423
14	80	10	0.964602115497703	3.84086034945709	13.3666666666667	4	24570.599297185
11	50	50	0.964831913506725	3.50199656666367	10.2666666666667	7	38873.418193536
14	70	40	0.964932396145073	3.62993187183008	11.0666666666667	26	39427.5819999038
18	50	70	0.965004861256242	3.63081812727888	10.9666666666667	28	42126.1321001111
12	30	80	0.965078816536196	3.709779273411	11.4666666666667	8	36987.0505817915
16	50	60	0.965134213249175	3.70021291428021	11.3333333333333	11	39712.368622117
12	50	60	0.965191269851807	3.55125188788159	10.5333333333333	21	39799.648356893
15	30	80	0.965239678132398	3.87022162836504	12.4666666666667	21	36069.3125259391
12	60	20	0.965293863729908	3.66917386018554	11.8666666666667	13	30192.236048524
15	90	10	0.965353692876915	3.87917288121431	13.6	27	24413.5866329104
12	10	100	0.965372273153883	3.84421897031297	12	24	29556.6463765816
18	100	30	0.965480771058024	3.5908579922166	10.7666666666667	5	40124.4079395566
12	40	30	0.965489111768602	3.7044735286599	11.9666666666667	23	30665.0233601697
16	60	20	0.965491741595117	3.98330178362666	14.4	18	25456.1234972282
17	60	60	0.965571921933467	3.57373022831514	10.6333333333333	5	42457.9736916228
15	40	80	0.965586241093757	3.68831888028739	11.2	26	40622.1638034374
10	30	50	0.965802652159953	3.4270361985693	10	20	35004.1090755515
17	40	100	0.96587349663688	3.63377094936272	10.7666666666667	27	43499.3245698839
18	30	80	0.965898984686879	3.9566131139313	13.2666666666667	13	35047.5145272538
10	50	40	0.965998582293175	3.43495699187982	9.96666666666667	16	37342.1353281971
17	90	10	0.96614974644577	3.97080228372852	14.4	1	23041.4586792077
19	40	80	0.966458866574075	3.75408352366269	11.7666666666667	1	39712.6073976476
16	60	30	0.966654757596334	3.91403044192768	13.2666666666667	29	32432.9744969078
20	60	30	0.966669471989687	3.9675698685876	13.6	13	31658.329573645
10	10	100	0.966878543171617	3.52378535073066	10	18	32325.7353940543
11	40	50	0.966885935808145	3.5755269570299	10.8666666666667	30	36464.243229113
20	30	80	0.967060984448936	3.96677432354834	13.1333333333333	25	34916.944393261
17	10	100	0.967115975081205	4.4514789897635	16.5333333333333	27	24380.1353144302
17	40	80	0.967126184873591	3.75802715833686	11.6333333333333	20	39892.9682437279
12	30	100	0.967359417936163	3.64126523623561	10.9333333333333	27	40091.906799272
12	20	90	0.967585435324438	3.7857006705302	11.9666666666667	19	34392.16318605
11	90	20	0.967586451207269	3.53135690381848	10.5	22	34840.3360987869
12	50	30	0.967598706554859	3.71554711771666	11.8666666666667	13	32612.9617581408
11	30	50	0.967632675099287	3.59592029537765	11	22	33770.0756911628
20	50	70	0.967817192565147	3.67994629607194	11.1666666666667	19	41896.6958610257
10	10	70	0.967954498528544	3.49141385206637	10	21	30143.6623859919
20	10	10	0.968134615148054	4.68436711263017	20	5	6581.95272215315
19	40	60	0.968269437257072	3.86065359414571	12.6333333333333	25	35088.4705574423
10	30	60	0.968273463682689	3.44517075442504	9.93333333333333	22	36560.2339070833
16	100	10	0.968464742611316	3.90702708887971	13.8	7	25430.9926664893
11	50	40	0.968534407716183	3.57854354372453	10.8666666666667	26	36267.7065787705
17	80	40	0.968594637756286	3.58807376787069	10.7333333333333	21	40988.69229474
17	30	100	0.968639080650692	3.83992741654669	12.2666666666667	27	39109.2660059787
11	20	40	0.968791627785933	3.58765826901459	11	21	29053.1066993595
12	50	50	0.968864938375167	3.62990331895158	11	10	38030.6366966787
14	10	90	0.969230277450732	4.10494012121242	14	3	26482.5790142555
11	30	10	0.969558155929285	3.50540355693016	11	10	24041.0925169225
12	60	50	0.969576788967967	3.53404492533898	10.4333333333333	25	40673.783783886
20	80	40	0.969587524425552	3.60493863024676	10.8333333333333	28	40854.8383893584
11	30	90	0.969821436001865	3.57728059258804	10.5333333333333	21	39173.8893829264
10	20	80	0.969860551796073	3.48351883992188	10	28	35608.3247534899
11	30	30	0.969996469301201	3.55696799035662	11	13	29667.7721891793
17	50	20	0.970133999740683	4.1493663156722	15.8333333333333	2	23030.3872290191
11	60	30	0.970329290609784	3.56222374334862	10.8	5	35297.3083197692
14	60	50	0.970416284041419	3.64933485705748	11.1	30	39933.5215590549
13	80	40	0.970474466436402	3.53051575101486	10.5	4	41138.572973606
19	20	60	0.970517131410353	4.33013757282698	16.3333333333333	21	25252.7326985346
16	30	100	0.970611403108623	3.80509946183527	12.0333333333333	15	39235.819829496
11	60	40	0.970672557431096	3.49689645011357	10.3666666666667	28	38071.3957413369
15	50	60	0.970720454089543	3.72284714784391	11.5666666666667	23	39491.1893974007
17	30	70	0.970720704478654	4.04404345543011	13.8333333333333	4	33265.18271308
17	40	70	0.970743449326712	3.82923005241469	12.1666666666667	21	37594.8244019468
12	40	50	0.970867619037161	3.69008002665406	11.6	5	35349.1647254461
16	100	30	0.970888154743177	3.55611185590895	10.5333333333333	16	40362.251881674
17	40	60	0.970988164475876	3.91043904060508	12.8333333333333	29	35687.5527811963
12	10	80	0.970999594669514	3.81530409790551	12	5	28013.4919974646
18	50	60	0.971093325442367	3.73952223449886	11.7	16	38943.3633369182
20	30	40	0.971189064910697	4.34140129108424	16.3333333333333	23	25271.7509832892
19	90	20	0.97119564806693	3.87981356413135	12.8	21	32214.5743522558
12	40	40	0.971262770187768	3.71482824163751	11.8333333333333	30	33447.9094351228
17	50	60	0.971300997837254	3.70906358776189	11.4666666666667	27	39711.4345782488
15	20	90	0.971366631995949	4.05200658474798	13.8333333333333	11	31467.6986600887
10	20	40	0.971389751024651	3.45353149729997	10	21	30716.8276045462
14	40	100	0.971442473481913	3.58644719647337	10.4666666666667	6	43766.7695572216
14	50	60	0.971511296111367	3.7174171377415	11.5	4	39897.8374624034
11	70	10	0.971607338275501	3.50346708847953	11	10	27978.6377477174
16	40	50	0.971621755079151	3.88749909066152	12.9666666666667	3	33526.1514034583
10	30	40	0.97175110269542	3.42413126980231	10	21	33310.6717070274
10	20	50	0.97182162793558	3.43685639737058	10	17	32187.3101877113
13	90	30	0.971926122264231	3.53275702234129	10.5	27	38926.0604274569
10	20	60	0.972212654065341	3.45878191707868	10	1	33289.8712507613
10	40	20	0.972344900809145	3.36754144325832	10	19	30462.8636842957
16	50	40	0.972384957951224	3.87568619686153	12.9333333333333	28	33563.6225145198
10	40	30	0.972402441030227	3.41428288214446	10	30	33266.5602691524
20	40	70	0.972411968825604	3.80280517103942	12.1333333333333	17	37727.5377475859
20	100	10	0.972620622733153	4.04058612022553	14.9	11	23896.4410075988
18	80	40	0.97270882190266	3.64384258211731	11.1	12	41115.4127608748
11	60	10	0.972744663128798	3.50144788864602	11	13	27135.2231686857
19	20	80	0.972755965846775	4.23089930399182	15.2666666666667	17	28954.8805041383
14	100	20	0.972911114365229	3.70529174703338	11.3	25	35183.7766871681
12	40	10	0.973046238284892	3.63862429278897	12	25	23463.9208209166
13	60	50	0.9730905295571	3.62003434973741	10.9	4	39815.1076055399
12	30	40	0.973131273282782	3.73036852101173	12	30	30518.253111875
11	50	30	0.97313432886337	3.56888674504708	10.9666666666667	3	33523.8291458845
17	100	30	0.973226785005496	3.58453970064447	10.6	28	40329.48577878
14	30	100	0.973276585784186	3.7689044046281	11.5666666666667	2	39125.7795194508
10	40	50	0.973405983011545	3.43430611323324	9.96666666666667	23	37476.3996987646
18	40	60	0.973475608991569	3.84471001092242	12.4666666666667	5	35587.3118069828
12	30	10	0.973569137484408	3.63712692308905	12	2	22291.5348123459
12	80	30	0.973841302831195	3.56441132061948	10.7666666666667	4	37357.4312755301
14	60	40	0.973845070356149	3.73522755144152	11.6666666666667	22	36531.0215610405
19	100	30	0.973914947858295	3.61432539379974	10.8666666666667	15	39807.1713662257
20	70	20	0.973958871035246	4.10227160106862	14.8666666666667	22	27084.2970068911
13	100	20	0.973989930578266	3.62891642404628	11	9	35444.7048253485
15	60	50	0.974105296444621	3.65137697722361	11.1333333333333	24	39869.5991236581
17	20	100	0.974146507546794	4.09030178689734	14.1666666666667	6	32650.3708386415
12	20	40	0.974278835951858	3.73644301670163	12	26	27562.0693017303
15	40	70	0.974558200745789	3.75330864814358	11.6	5	38408.9922435311
13	90	20	0.974627770670255	3.65621150375694	11.3	22	34043.9665109999
18	50	20	0.974644063318209	4.19333882801273	16.1333333333333	11	23014.9498457032
19	50	60	0.974701387130953	3.7498189671753	11.8333333333333	21	39082.3640501928
11	40	60	0.97474688091253	3.58750481669967	10.8	27	38216.1557151121
10	70	10	0.974849964205802	3.35769718653192	10	1	29717.1048036816
11	20	60	0.974857244569591	3.61753952708185	11	20	32204.3706347057
17	60	40	0.974912475459208	3.78901802317437	12.1333333333333	27	36462.4061200125
15	90	30	0.974917253785735	3.57636044114589	10.7333333333333	10	38975.7929836852
19	30	90	0.975279402089785	3.89612720408623	12.5333333333333	5	37494.8631148614
20	50	60	0.975629019703432	3.80204560802364	12.0333333333333	12	39199.1163281013
10	80	10	0.975683315108026	3.37454271368337	9.96666666666667	3	30449.4479597194
14	30	90	0.975895479630834	3.74956957369969	11.6333333333333	28	37677.8091521096
16	80	40	0.975923958226491	3.57346966188789	10.7333333333333	9	40736.2617820731
18	40	70	0.976007441761222	3.80874045704589	11.9666666666667	2	38589.0618209249
18	40	80	0.976033188834035	3.72868233642266	11.5333333333333	29	40702.4941110581
12	90	20	0.976111815170711	3.6203288372416	11.1666666666667	14	34434.3791247846
19	40	70	0.976307699685983	3.82976841030984	12.1666666666667	14	37925.4789317811
10	30	30	0.976375481027789	3.41025873893336	10	3	31242.9955629287
10	30	10	0.976523103124064	3.35947453121326	10	25	25995.8853146449
20	10	30	0.976727242330365	4.66929888950643	20	14	11284.3285847684
14	40	30	0.97711056722891	3.94316468316129	13.7666666666667	4	28182.1014360915
12	20	70	0.977114405699028	3.77822955834299	12	6	31952.3892277986
14	40	70	0.977400296666794	3.76628546122094	11.6	5	38497.8504570258
15	30	30	0.977432268612036	4.11486902093669	14.9666666666667	25	24434.9992044034
20	100	20	0.977438340422936	3.81036797460455	12.1	12	34009.7911864096
16	10	100	0.977466244819877	4.33710209353441	15.7666666666667	18	24931.6296350211
20	40	80	0.977515517467269	3.74479588672487	11.6	14	40565.2081575823
10	60	10	0.9776077360499	3.35744076168988	10	8	28908.3954885106
18	60	20	0.977688589259775	4.10071319860198	15.2666666666667	24	25458.8430592084
12	10	50	0.97770830644195	3.76734906759287	12	23	25069.4007860908
14	30	40	0.977709923203878	3.97477701699308	13.8	28	28226.6162350717
17	100	10	0.977847747322047	3.89333244383438	13.7	17	24239.5886015822
16	50	20	0.97791059113808	4.06718374783283	15.2	4	23880.31902364
19	80	40	0.978105725483681	3.63466328073492	11.1	3	41039.8859952979
12	10	10	0.978187634538189	3.72212205978188	12	17	18714.5462123534
14	30	30	0.978187946791569	3.96969030795003	13.9333333333333	14	25821.5463365097
15	80	10	0.978226592310786	3.91625796842262	14	13	23200.723692923
17	70	10	0.978343159338882	4.10483304248862	15.625	4	20264.8886281704
15	60	30	0.978437658484511	3.83263652302435	12.6666666666667	11	32407.3913093466
10	10	90	0.978534775378657	3.50908813234978	10	30	31613.4712767807
17	30	80	0.978588249380158	3.92734927092793	12.7	29	35687.601914856
12	20	30	0.978602382245226	3.68595078566122	12	4	25823.6908169641
12	10	30	0.978712898924839	3.72658273406212	12	6	22357.0466945831
18	90	20	0.978849167110972	3.87008972837617	12.8666666666667	16	31572.7473733242
11	30	40	0.978890328339715	3.57027409010909	11	6	31766.595631386
18	70	10	0.978922653763699	4.14280910442306	15.9333333333333	29	18968.7660908553
12	60	30	0.979005565455449	3.64711668693364	11.5	18	34133.8018792761
14	50	10	0.979074292032366	3.89115842957184	13.9666666666667	2	21543.1110659595
18	20	60	0.979095027683264	4.31021294572123	16.0333333333333	6	25663.2665455346
18	70	30	0.979114278385347	3.8781178782313	12.8333333333333	24	34181.2107386444
15	100	10	0.979145027273121	3.81177255857714	13.1	25	25436.4793190527
11	20	50	0.979169968149914	3.5853863921501	11	9	30512.9994017401
18	20	100	0.979232438634012	4.04072112026127	14	15	32673.8270108521
20	20	100	0.979303698008177	4.15263117024988	14.3666666666667	1	32243.0243511755
14	70	30	0.979351702992364	3.72658973059222	11.7	9	36058.5941342645
17	10	90	0.979405468788208	4.4748314405421	16.7	23	23074.9516025595
15	60	40	0.979437364365288	3.77444395058073	12.0333333333333	12	36679.9123023686
11	40	20	0.979524005646755	3.51444111975061	11	15	28703.1983040562
14	50	40	0.979596528266191	3.83737147599686	12.6	10	33467.9667976132
16	80	10	0.979599792399158	3.96384386224372	14.4	20	22552.219961142
17	90	30	0.979606511416369	3.67548959374194	11.3666666666667	19	38260.2194558901
18	60	40	0.979711784291829	3.79677154348506	12.2333333333333	13	35850.1373016494
12	10	20	0.979771116339222	3.73987575885399	12	5	20775.11307631
16	80	20	0.979787937772499	3.89833741932924	13.1666666666667	24	30578.961417619
18	90	10	0.97993517146837	4.02657627148096	14.9333333333333	7	22147.2230765388
16	90	10	0.979977658507592	3.89928785938254	13.8333333333333	20	24409.0593927172
17	20	50	0.979981239666966	4.34961626882982	16.4	21	23547.8319357754
12	60	40	0.980004701739887	3.60975308538296	10.9333333333333	15	37583.9109832198
16	60	40	0.9800346472157	3.77585180477961	12	16	36490.6394938886
18	80	10	0.980177829156175	4.05802524293901	15.2333333333333	17	21092.6529261992
20	100	30	0.980238931555205	3.63229864966255	11.1	25	40159.4809593104
15	90	20	0.980252443631568	3.79732583493916	12.1666666666667	8	33065.9308023564
20	20	90	0.980372121302622	4.1818998976151	14.6666666666667	2	31034.4061104721
16	10	90	0.98038753346795	4.33684539537172	15.8333333333333	11	23876.220950521
16	70	20	0.980418991113533	3.94026281136913	13.8333333333333	29	28112.069219629
11	10	100	0.980453820051751	3.69056372014579	11	14	30975.9888226452
19	60	50	0.980483409742321	3.69772639193909	11.4666666666667	18	39073.1967797998
12	70	30	0.980516307372146	3.63135665837622	11.1666666666667	8	35766.7379258866
11	10	50	0.98054700214258	3.64650176576661	11	24	26535.353322048
14	40	60	0.980596708431991	3.78448205263872	12.1333333333333	24	35592.1897663099
15	40	40	0.980757601095078	3.9574719068399	13.7333333333333	22	30952.3961695168
20	40	60	0.980764440830014	3.93635460358958	12.9333333333333	2	35826.4132797054
17	30	90	0.980808841314427	3.90451137239845	12.7333333333333	22	37109.567930718
11	20	30	0.980822184201714	3.57453427319796	11	9	27327.2627554808
19	20	100	0.980863892618439	4.07646774099521	14.0666666666667	19	32315.7671246684
12	40	60	0.980883858878651	3.65610240054961	11.2333333333333	23	37338.8295021343
19	60	40	0.980916444169863	3.81405460176034	12.3	7	35546.3646680565
18	50	40	0.981070174436593	3.89661285779462	13.1666666666667	6	33535.7571200852
15	70	40	0.981147583998506	3.67788412570018	11.3666666666667	5	39062.0477481722
20	40	90	0.981204707079439	3.72353364726949	11.4	30	42392.6504890786
15	30	90	0.981227439911807	3.82966399807166	12.1	22	37400.3225570707
19	40	40	0.981230971350573	4.0749909369934	14.4666666666667	23	29566.1859337487
16	30	60	0.981312049087696	4.02133545579328	13.7333333333333	24	30978.4505755249
20	30	90	0.981353133441091	3.92674272563427	12.7	11	37298.7655339027
20	60	40	0.981458146847405	3.82354648985025	12.3333333333333	7	35614.3942609689
14	40	40	0.981471458654758	3.92736214535843	13.3333333333333	18	31159.6270667615
16	70	40	0.981489204367249	3.66076553699155	11.3333333333333	21	39008.9565721232
20	30	20	0.981560899778774	4.54048228649519	19	29	15960.3921178974
16	60	10	0.981583831713337	4.09341332347994	15.5666666666667	5	19959.1174583171
19	30	70	0.981691684913329	4.01526526277652	13.7	19	34017.8364386274
15	50	10	0.981748302733595	4.0158958683777	14.9666666666667	20	20127.3915871331
20	30	100	0.98186479731104	3.85077944104389	12.1666666666667	29	38709.4541958715
16	50	50	0.98186563057676	3.74966454693363	11.9666666666667	16	36866.6188947351
16	20	90	0.981973322035144	4.13827454299301	14.1666666666667	15	31662.5598278598
19	30	100	0.982045609178773	3.89772156015403	12.5333333333333	4	39247.2784960589
20	30	70	0.982096942203361	4.05018479524616	13.9666666666667	25	33162.8383242401
19	50	20	0.982207189556758	4.25655194903574	16.6666666666667	3	22272.4689884885
16	50	10	0.982300158565154	4.12077386261387	15.8333333333333	19	18818.6454570462
20	60	50	0.982316422447235	3.70546627496509	11.5	21	39663.4947032208
10	10	80	0.982409500594038	3.51317965129273	10	16	30785.6757789815
18	20	90	0.982420083374327	4.16167120897733	14.5333333333333	11	31031.7564575394
10	10	60	0.982443513203413	3.49793283977663	10	21	29389.4254807231
18	90	30	0.982481505918761	3.67093204527658	11.3333333333333	7	38828.7264570792
15	40	60	0.982574976989052	3.83972543348411	12.4	8	36316.455583669
20	20	70	0.982597929730995	4.26732051231836	15.6666666666667	13	27308.2182912435
12	30	50	0.982665324203397	3.75542009839411	11.9666666666667	24	32743.8031038016
15	100	20	0.982723201654619	3.74664804959763	11.7	13	34779.8285957749
11	20	80	0.982781334299263	3.63010838574042	11	17	34482.1845235873
18	30	30	0.982801842324576	4.37596078343168	16.8666666666667	12	22041.5545699379
13	10	50	0.982803996663904	3.88034892929979	13	19	23273.4705387813
15	50	50	0.982812854622263	3.72570579277274	11.7333333333333	3	36990.6017531271
15	40	50	0.982875725731313	3.89772015713585	13.0666666666667	20	32732.8007055291
17	50	50	0.982949738440927	3.79105222910253	12.2	23	36559.8767810073
16	40	30	0.98295973842928	4.17155265434038	15.2333333333333	2	26031.2466166448
12	20	10	0.9829690006055	3.65524304597226	12	23	20778.9266776642
16	40	90	0.983022175187642	3.65308032024581	11.0666666666667	27	41667.1638612318
18	30	100	0.983035986758974	3.84787148840737	12.2666666666667	10	38837.4199597876
14	80	30	0.983132494611969	3.6386830780166	11.2	26	37357.7480831652
18	30	50	0.983219217551574	4.1697683298859	15	28	28852.2733291216
15	20	50	0.983381482957631	4.15253444291169	14.9666666666667	30	25418.6440335993
16	60	50	0.98344573617774	3.6700003665076	11.2333333333333	9	39290.3570111846
10	10	30	0.983524285360516	3.46867313546721	10	14	26181.4361201211
18	30	90	0.983616120199122	3.90344711748359	12.6	6	37079.2255384715
19	70	40	0.983919912519084	3.72907978971395	11.7333333333333	7	39099.6646650571
18	80	30	0.983955592652971	3.81847207396726	12.3	21	36576.8258310646
10	20	30	0.984036372463299	3.40977579411224	10	26	29044.3125323014
20	80	20	0.98419818264161	3.99566543335315	13.7333333333333	9	28822.7938197136
17	80	30	0.984198921397429	3.71686074161487	11.7	8	36428.9081959127
14	50	50	0.984232344809513	3.77023960882529	11.8666666666667	11	36863.2434348781
19	50	40	0.98423246604402	3.93328892345789	13.3333333333333	29	32502.2920395974
15	30	50	0.984405350921597	4.04534234229522	14.2	4	29282.3300831563
20	80	30	0.984436494325362	3.79108524899619	12.2333333333333	20	35755.6943020916
17	60	30	0.984542368420406	3.91733773018225	13.3333333333333	24	31677.5332451123
10	40	10	0.984568472830274	3.35537031423093	10	7	27109.0298384582
17	70	40	0.984597585876353	3.70547873822878	11.6	8	38434.5534471561
16	100	20	0.984804488844348	3.74017150198125	11.6333333333333	1	34007.657044604
18	10	90	0.984846453036114	4.50400197670939	17.1	22	22459.5343599191
14	70	10	0.984867450429975	3.86711556615501	13.7	17	23593.7771254224
20	90	30	0.984892509964577	3.76132760278825	11.9	11	37764.2502326416
16	40	60	0.984912503751018	3.86497993369557	12.6333333333333	8	35696.8863810632
12	20	50	0.984942485224238	3.74437193924854	12	25	29251.1262074977
17	100	20	0.984987295675215	3.82724872814962	12.1	14	34248.1012384903
17	90	20	0.985075766144279	3.8580296491167	12.6666666666667	28	32333.0656018953
14	60	20	0.985144105824452	3.86969040721827	13.5	7	27855.4983178329
15	50	40	0.985152194586561	3.88979010267273	12.9666666666667	20	33488.1350745098
17	20	90	0.985174588582407	4.13818662130755	14.3333333333333	25	31716.0283631183
15	80	30	0.985178876569769	3.72222966590805	11.7666666666667	19	36525.1063208982
10	10	50	0.985420634186307	3.48243995060985	10	28	28347.0985343929
19	30	40	0.985552488094442	4.24467764201855	15.7647058823529	9	25203.4277469624
15	20	100	0.985561548033626	4.00324350152799	13.5	6	33232.1681365692
15	40	30	0.985629895696325	4.12456689225472	14.8	15	27293.9430506207
18	50	10	0.985730079302024	4.30246360178784	17.4	25	16476.7967430195
19	10	50	0.985752048600141	4.66874000984919	18.9666666666667	29	15786.7598197457
17	20	60	0.985806056730584	4.30342914569482	15.7	16	25841.6615581562
13	10	60	0.985816271144919	3.94554795844078	13	11	24522.8385078007
19	40	30	0.985835020758233	4.27788695915332	15.9666666666667	22	25671.5643919522
17	30	60	0.985864789014162	4.08192702493001	14.3	22	31259.1593731033
17	50	10	0.985893504064344	4.2306674121693	16.7666666666667	22	17576.6396065848
11	20	70	0.985979015534991	3.63487245566989	11	26	33312.0863214983
18	30	40	0.985993727706753	4.3118075281624	16.1	5	25614.5983106654
16	50	30	0.986080137486513	4.00336161017952	14	21	29302.7903087713
15	30	60	0.986085033767052	4.01243615807816	13.6333333333333	10	31490.6716547326
16	90	30	0.986102891953562	3.6840105846025	11.4333333333333	1	38773.3164326402
15	60	20	0.986131612977482	3.95969213257871	14.1333333333333	22	26717.4276988829
19	90	30	0.986214436924154	3.72926416446879	11.6333333333333	13	38014.130257806
14	50	20	0.986239704237124	3.90799877055238	13.9	17	26183.556418382
16	80	30	0.986247973794169	3.74516953888611	11.7666666666667	20	37544.8325077689
19	40	90	0.986256569783979	3.74074939488091	11.5	30	42016.8390387978
10	20	10	0.986258329846269	3.37469652764867	10	22	24620.7563457975
17	30	40	0.986369313301903	4.22855641327797	15.6666666666667	12	25636.5578861881
16	90	20	0.986374892870742	3.80100729225074	12.2666666666667	2	32846.9421341607
10	30	20	0.98640949305772	3.37068816035626	10	4	28944.9772273539
17	40	10	0.986410241593608	4.25454494402676	17	19	16244.3965761961
19	60	10	0.986672160996718	4.30692046043297	17.2666666666667	5	17787.4267517865
20	40	30	0.986778536013887	4.24904651856007	15.8	4	25986.8270411832
19	50	30	0.986850715079808	4.11677278707503	14.7333333333333	28	28903.9251101928
18	40	20	0.986863649364878	4.3129879510081	17.1666666666667	14	20022.085907045
14	30	50	0.986909340393914	3.94480258719177	13.4333333333333	17	30367.6893669984
19	10	90	0.986963309847491	4.60191310234724	17.962962962963	24	21733.6674687048
15	70	20	0.987011272529853	3.87595047738928	13.3666666666667	2	28796.5143181275
20	90	10	0.987096264695957	4.04448104562398	15	9	22710.4140888496
17	70	30	0.987097762485945	3.79833896178728	12.3333333333333	1	34817.7130414566
19	20	90	0.987118129003631	4.18547195529871	14.7	15	31150.8275151325
20	50	40	0.987141596847709	3.9400135473768	13.3666666666667	2	32623.3597779041
17	30	20	0.987366679153142	4.26026503014148	16.8666666666667	21	18758.8980370266
15	20	80	0.987433643829339	4.07759981654759	14.1	8	30286.2925598945
18	10	60	0.987467453075026	4.59129235048202	17.8666666666667	19	18375.4427895267
20	40	40	0.987583724804605	4.11951095190182	14.7333333333333	16	29175.8242467956
18	70	40	0.987676823041165	3.72875868302874	11.7333333333333	11	38220.309284405
19	80	10	0.987851046068184	4.12667917032906	15.7333333333333	8	21109.761562698
17	40	20	0.987911088621075	4.21958192954348	16.5666666666667	2	20970.321456176
20	60	10	0.987972557646405	4.33924312581123	17.5333333333333	22	16832.1286471326
18	100	20	0.988034569629086	3.82976602365034	12.3666666666667	25	33200.5626225995
12	50	40	0.988165499919373	3.69062914872354	11.6	29	35583.1948036511
10	20	20	0.988260223312301	3.37745243038924	10	10	27140.8897307902
16	10	80	0.988307857000211	4.31602240314135	15.9	21	22678.6017883456
15	70	30	0.988317347865413	3.76873221788104	12.0666666666667	19	35172.8015885872
18	50	50	0.988371435834464	3.82012892818562	12.4	2	36057.4242131324
11	30	20	0.988403004856166	3.5183772063872	11	14	27191.2466590525
18	20	80	0.988454759580432	4.1961709500765	15.0666666666667	30	29539.272253773
17	50	30	0.988464020580553	4.05749056157179	14.4	9	29169.4435123463
18	10	70	0.988494663531787	4.54827358389308	17.7	1	20029.3849213958
19	50	50	0.988585645332574	3.7964999825106	12.3	12	36129.8296058363
19	90	10	0.988787694804389	4.04950395455749	15.0666666666667	16	22146.8369399286
19	50	10	0.988834864214559	4.38296959418949	18.0909090909091	15	15606.5242562091
20	50	50	0.988920428163295	3.93093660769145	12.9666666666667	6	35674.4847427283
17	20	70	0.988945891174518	4.21104308978989	15.2333333333333	12	27889.9245939993
14	10	100	0.98896002065529	4.11007393199185	14	12	26991.0542344421
20	70	40	0.988993650219521	3.7139594773288	11.5333333333333	17	39067.0395293586
18	30	60	0.989001276554061	4.10200854759114	14.3333333333333	15	31484.2737248787
18	20	70	0.989036518730761	4.2025672204696	15.3	29	27665.4103706736
19	20	70	0.989051679842756	4.2692954731266	15.7	3	27048.134433717
17	70	20	0.989083704735967	3.9980781528985	14.0952380952381	20	28024.1619318664
16	40	40	0.989106089442541	4.00795414996942	13.8666666666667	25	29974.3813161676
15	50	30	0.989279266611982	3.94186618826058	13.6333333333333	30	29356.9525255135
20	70	30	0.989284693220083	3.86365550723801	12.7	2	34282.1097181213
16	20	30	0.989501598879372	4.18706803709442	16	7	19937.1997774001
17	60	20	0.989514181866188	4.10423049183923	15.1739130434783	11	25536.7009372159
15	10	100	0.989533870894168	4.27012780478055	15	2	25830.5905004905
17	10	30	0.989546310266348	4.35992679350944	17	18	14776.7189912929
19	100	20	0.989579515833049	3.85345983234163	12.3	24	33831.6156285624
17	20	80	0.989683292057339	4.17991576577509	14.8333333333333	5	29512.6192703093
11	20	10	0.98977862367908	3.52508652706439	11	7	22602.8000640736
16	20	40	0.989801906649249	4.26309357770418	15.9	26	22210.4189308669
18	10	10	0.989882423434428	4.43493471411417	18	16	9003.82939614117
16	30	20	0.990008320822595	4.14675059149042	16	10	19962.602335575
19	30	20	0.990063032799921	4.51498678890037	18.8181818181818	16	16907.8850614262
14	40	20	0.990068245106401	3.91308738413751	14	21	24542.7681434483
16	20	60	0.990113241311268	4.24884276630089	15.4666666666667	17	26296.4725777607
19	10	60	0.990159262336561	4.69682883950337	18.7333333333333	14	17837.6906518128
14	10	60	0.990228499988887	4.05793223384025	14	7	23204.4303759652
17	60	10	0.990275955033269	4.1818283137521	16.3157894736842	3	18919.9514341027
16	20	70	0.99038044992652	4.19727790082298	15.0333333333333	27	28111.8602353098
19	20	50	0.990382632223977	4.45155785919129	17.1	5	23080.3012540357
20	50	30	0.990437166450203	4.13115894120971	14.9333333333333	4	28488.0533523107
15	50	20	0.990471610082763	3.98193821485898	14.4666666666667	25	25004.3281975219
17	50	40	0.990477056869548	3.89336770227926	12.9666666666667	8	33490.8503029876
19	20	40	0.990607566285508	4.50469370729678	17.8461538461538	23	20355.8856554216
18	20	50	0.990610482800061	4.33731475843851	16.3333333333333	3	23156.403158966
14	10	70	0.990682566160671	4.09983433794758	14	3	24171.9242784163
18	10	50	0.990739823737286	4.52012813721162	17.9333333333333	22	16733.1308751041
14	10	80	0.990756556282314	4.06278672174307	14	28	25075.0288869936
20	60	20	0.990779101662016	4.17679571307001	15.7	17	24804.1163949532
20	50	20	0.990823568374258	4.25114073176621	16.5333333333333	7	22395.2499967543
13	10	70	0.990968681296797	3.95235509698911	13	28	25542.7518465625
17	20	30	0.990972687861915	4.30721987266719	16.9666666666667	6	18824.523951493
17	40	40	0.991034043933966	4.08224026689855	14.5333333333333	14	29563.6581907082
19	70	30	0.991107225344403	3.87167879103591	12.7333333333333	28	34842.6328733683
10	10	10	0.991183654386431	3.42674262383989	10	11	22839.0248400462
10	10	40	0.991199577518458	3.46041009345034	10	17	27233.8420508624
16	70	30	0.991247966405445	3.83117396084294	12.5	27	34392.8208722755
16	30	40	0.991327041512108	4.18199271760798	15.1666666666667	13	26097.3095086208
15	70	10	0.991349380784698	3.96144585405251	14.4	10	22179.6822540146
19	30	50	0.99140604124036	4.16616641525222	14.9666666666667	24	28381.5734843798
15	20	10	0.991419613361219	4.03866020795209	15	2	15766.5823673939
19	10	100	0.991457138386426	4.53067196477737	17.2666666666667	25	23718.7488573289
16	10	70	0.991476467680608	4.3638946144839	15.9666666666667	20	21707.4942253539
16	20	50	0.991489275428868	4.24927965836134	15.7	5	24402.3492332495
18	10	100	0.991545235941491	4.53769894586644	17.0333333333333	12	23649.9644852967
19	10	30	0.991594759320109	4.57868958369438	19	14	12425.0527085783
17	20	40	0.991617642902187	4.37593298761012	16.7666666666667	17	21553.3994380419
13	10	30	0.991621237551512	3.87883636693621	13	18	20663.9752242205
20	90	20	0.991632090818874	3.86321270302647	12.7	28	32593.40635155
20	10	20	0.991645858514639	4.69618588446961	20	15	9270.50459197392
19	80	30	0.991651895811529	3.79496540398419	12.2	3	36505.1484287887
19	30	30	0.991656454874362	4.38914030764839	17	19	21957.2851809741
14	60	10	0.991683491457763	3.88530752534516	13.8666666666667	20	22662.7004956659
20	20	80	0.991700423768446	4.24066307253502	15.2666666666667	30	29440.293728827
20	20	60	0.991774555867739	4.38963787862244	16.3666666666667	13	25422.07327472
16	10	50	0.991900380599043	4.3069194032846	16	13	18873.0819858868
13	10	20	0.991912984689904	3.85353297267158	13	22	19125.7998322355
18	30	70	0.991938937698893	4.08936338426009	14.6666666666667	2	33088.6103985335
10	10	20	0.992070102213231	3.41934624915834	10	30	24716.2388549383
17	40	30	0.992075189730765	4.17605118100607	15.3	28	25590.6282499988
14	10	40	0.99210782052962	4.02658193513969	14	1	20592.6160132697
15	20	60	0.992128182020194	4.13324262671668	14.7666666666667	14	27133.1047187822
19	10	70	0.992176578300715	4.71101034733832	18.5666666666667	19	19064.7337879198
19	70	20	0.992280859656747	4.05564094386641	14.6	24	27113.3608291631
16	30	30	0.992414120310315	4.20376038994387	15.6	16	23244.5520675602
20	30	50	0.992593418961113	4.1940973743916	15.2666666666667	24	28529.8288886574
15	30	40	0.992682601426084	4.09841962543633	14.6666666666667	12	27076.3383183939
20	80	10	0.992696918635377	4.17686026887601	16.1666666666667	20	20039.2191485963
16	20	80	0.992743515746707	4.15043498785945	14.5333333333333	25	30193.3910444176
18	10	80	0.992802716432941	4.55215137756724	17.5333333333333	11	21202.5039878449
19	60	20	0.992824627003978	4.11620681838347	15.3	7	25433.7634020382
15	10	60	0.992834363361484	4.19713655397875	15	3	21636.3568166756
20	20	50	0.992888617853478	4.48985401596982	17.4	15	22170.7585078444
20	40	50	0.99292733416474	3.99532691020726	13.7333333333333	30	32703.141338237
19	10	80	0.993042368305843	4.63676311228579	18.1333333333333	17	20812.4236505409
15	10	80	0.99333433786146	4.19907589156453	15	14	23886.4944555045
16	10	30	0.993408950454605	4.22292570388484	16	25	16200.8892308539
17	10	80	0.993465214157971	4.42575343459676	16.7	13	21888.6605277766
15	40	10	0.993478766526078	4.01604386115803	14.9666666666667	9	18858.4163589129
18	70	20	0.993538260279986	4.06837789694553	14.6666666666667	26	27110.3321170734
16	40	20	0.993701532594546	4.13108955251084	15.8333333333333	9	21999.2548653688
20	70	10	0.993871303874501	4.25522958853437	16.8666666666667	1	18970.397503239
20	20	20	0.993873521352488	4.61668882636666	19.9	12	13032.0044276578
17	20	20	0.993907676800789	4.2705656678432	17	24	16175.3156589437
20	10	80	0.994062755228151	4.75134249647956	18.8333333333333	23	20046.0210155561
15	20	70	0.994088205111237	4.1161531594549	14.4	29	28766.0286766763
15	10	90	0.994092748312599	4.19837681866241	14.9666666666667	7	24836.4409717308
16	40	10	0.994095157619406	4.13765054181744	16	20	17537.9864312995
20	30	60	0.994118001604434	4.11412113746106	14.5666666666667	8	30812.4554670342
13	10	40	0.994125157623226	3.88087338022973	13	1	22166.9965656889
20	20	40	0.994151688659214	4.57547346949359	18.2	2	19939.210436195
14	10	50	0.994162031714552	4.05158423136261	14	19	21910.8715720864
20	10	100	0.994166948257264	4.53818437424204	17.1333333333333	24	23704.4132622327
20	10	60	0.994169962263767	4.76477330730718	19.5333333333333	13	16879.5311346828
13	10	10	0.994215151420799	3.89485056702597	13	10	16997.8846001934
15	20	40	0.994276437902164	4.13652326875138	15	20	23453.9320398037
17	30	30	0.994314073966209	4.35434482661726	16.6	8	22800.918999686
20	30	30	0.994345377595044	4.46917820310057	17.6	11	21350.8575088367
19	70	10	0.99438371292033	4.2173267390811	16.5333333333333	4	18947.8084490047
14	40	10	0.99450015446472	3.8949277093755	14	15	20358.5836612013
19	10	20	0.994505963447632	4.53631119882826	19	10	10360.1141608143
15	60	10	0.994589193114213	3.98481733790255	14.7	17	21161.6451380487
18	20	10	0.994590900166055	4.38635642168774	18	21	11517.1310689907
16	20	20	0.994629941580075	4.14591829080914	16	5	17495.3991961755
16	30	10	0.994725030496177	4.13921696852267	16	15	16013.4617401096
11	20	20	0.994736444517216	3.52648606152176	11	2	25247.149283557
17	10	70	0.994852931704203	4.45169366709833	16.9666666666667	8	20743.542019308
15	10	50	0.994954585989575	4.16285555444827	15	22	20452.0406446451
18	40	40	0.995026025585307	4.04011706469452	14.1666666666667	26	30313.468334953
14	30	20	0.995070185078197	3.89963646105812	13.9666666666667	28	22645.4530525321
14	10	20	0.99525688397326	3.99520683676727	14	1	17413.8561366184
19	40	20	0.995473005972781	4.37255698575115	17.5333333333333	2	20021.3388131026
18	40	10	0.995493455256505	4.3522729457567	17.8333333333333	17	15099.5259547926
15	10	10	0.995494627957767	4.10165147389746	15	21	13587.8247576536
18	10	20	0.995510128674224	4.47432486121885	18	3	11539.9555761653
15	10	30	0.995576883813196	4.13308235829533	15	30	17502.1329692016
16	10	40	0.995578618556991	4.26314578268808	16	26	17609.5613988001
15	30	10	0.995589919119569	4.02151866095236	15	27	17484.6725111181
15	10	70	0.9956404457944	4.21345328290727	15	26	22549.5072113916
16	10	60	0.995678834589225	4.31297124576729	16	22	20249.4602528195
17	10	10	0.995716203915113	4.35029323749273	17	6	10405.2212275885
20	10	50	0.99578282967012	4.75262031242731	19.7	9	15055.7394494279
18	20	40	0.995811893180598	4.46914377035987	17.3333333333333	24	20969.2406514738
20	20	30	0.995817906456782	4.67167469153659	19.2	23	16008.7576625082
17	10	60	0.995864366664553	4.44375142060984	17	11	19321.2154129793
15	20	30	0.995895662869336	4.09281842066609	15	17	21198.7411835571
14	10	10	0.995900833417352	4.00430742599732	14	6	15206.1498988091
20	10	70	0.995977353477483	4.76455463974257	18.9333333333333	19	18683.5585991056
19	20	30	0.996080097618387	4.56638915619609	18.7	22	16864.9925735733
18	30	10	0.996150075285138	4.37089990741801	18	19	13470.6620652757
20	10	90	0.996184336771229	4.60077590212442	17.9333333333333	5	22041.793086867
19	20	10	0.996212035950345	4.4943453676569	19	22	10332.8904467547
17	10	20	0.996218732187868	4.31531987753321	17	1	12871.3264142024
20	40	10	0.996316823325263	4.47891824609244	19	20	13088.4145715403
19	10	10	0.996440773934856	4.54981814815835	19	7	7749.21270129204
17	10	50	0.996451046980733	4.43920518032963	16.9666666666667	11	17906.5128082764
14	30	10	0.996516884681506	3.89675440092016	14	19	18978.7285671222
17	30	10	0.996629575021988	4.25486700749149	17	16	14674.7448800038
18	30	20	0.996791110398518	4.37612841750881	17.8666666666667	17	17726.7243196147
15	10	40	0.996835381788455	4.13294134530813	15	28	19078.984239285
15	30	20	0.996958771166121	4.02305061830534	15	4	21191.5403815827
20	40	20	0.996994895374087	4.47033789550507	18.0333333333333	21	19401.9567259734
20	30	10	0.99700911587106	4.55009249755209	19.625	10	11323.2137968821
17	20	10	0.997016470911081	4.25958484555934	17	3	12797.2886190895
19	30	10	0.997017763382746	4.46121508940022	18.8333333333333	4	12316.6531365454
18	20	30	0.997060058477221	4.45431449046752	17.9333333333333	21	17765.1035900304
16	30	50	0.997087124222784	4.10995732726342	14.5666666666667	22	28783.9273608758
17	30	50	0.997145628884862	4.11519618606248	14.7	30	28558.6767802458
18	20	20	0.9971698103618	4.37895053712149	18	28	15032.3642387551
20	50	10	0.997299606910226	4.39004745693967	18.1666666666667	16	15552.1814846174
15	40	20	0.997332746887501	4.02561729973693	14.9333333333333	29	23145.4399420591
20	20	10	0.997343362862662	4.60850617562057	20	14	9214.36444701911
19	30	60	0.997367444397334	4.1126952234028	14.4333333333333	1	30974.14513906
15	20	20	0.997431645152716	4.04290424089221	15	11	18862.867293946
18	60	10	0.9975404315445	4.22741399734371	16.7	21	17792.5701551652
19	40	10	0.997554543811064	4.43384807088707	18.5333333333333	22	14077.0635958741
16	10	20	0.997568442686813	4.21610920547407	16	10	14344.655590106
16	20	10	0.997614521742409	4.16464255564572	16	19	14288.3951882751
18	10	40	0.997712907594911	4.48391032710898	18	13	15181.7240911971
16	10	10	0.99780442476902	4.21363435445886	16	18	11994.0157767032
17	10	40	0.99795276822436	4.38742027178708	17	24	16332.7634305948
19	20	20	0.998084303508014	4.48656987425091	18.9666666666667	17	13987.4923118741
18	10	30	0.998109020835883	4.48826670359399	18	17	13454.8151472502
15	10	20	0.99819525170371	4.10253904685115	15	8	15821.4800051971
19	10	40	0.998347559753736	4.57689311349193	19	16	14075.5045187543
14	10	30	0.999009057898766	4.00453354601475	14	23	19260.9413072861
