K	alpha1	lambda1	coph	correlation	nfactor	run_optimal	obj_optimal
5	2	1	0.354205904326987	1.07034720051709	1.16666666666667	1	151.728306063103
5	2	1	0.354205904326987	1.07034720051709	1.16666666666667	1	151.728306063103
5	1	3	0.378037375791853	1.08212964784336	1.16666666666667	3	142.704205936404
5	1	3	0.378037375791853	1.08212964784336	1.16666666666667	3	142.704205936404
5	0.8	0.8	0.55286430061321	2.04836994960187	3.2	21	75.1748005155209
9	1	1	0.616484724747838	2.13636482107955	3.56666666666667	7	79.1972233282536
9	1	1	0.616484724747838	2.13636482107955	3.56666666666667	7	79.1972233282536
9	1	1	0.616484724747838	2.13636482107955	3.56666666666667	7	79.1972233282536
9	1	1	0.616484724747838	2.13636482107955	3.56666666666667	7	79.1972233282536
5	0.5	0.8	0.619965284543983	2.22287455284589	3.7	20	52.4893110750891
6	0.8	0.6	0.628677083370524	2.2393935580201	3.6	21	58.8175775625929
5	0.6	0.9	0.644221486695369	2.18998832423575	3.53333333333333	8	60.2034834777683
8	0.1	0.7	0.656584071713303	2.70854138082546	5.13333333333333	24	26.806664855171
5	0.7	0.9	0.663697971619985	2.05982179686545	3.3	29	65.0914589769098
6	0.7	0.8	0.667490107694324	2.27943232373403	3.9	5	61.4629006614643
7	0.9	0.8	0.672056929740721	2.28480476784501	3.83333333333333	14	69.0122112102396
6	1	0.9	0.673122924731492	2.09140232036441	3.4	28	76.2429242445521
6	1	0.9	0.673122924731492	2.09140232036441	3.4	28	76.2429242445521
6	0.8	0.5	0.679068293289131	2.2673024455573	3.8	14	54.698996941406
5	0.7	0.7	0.681895188989837	2.17408599846155	3.66666666666667	27	58.1443571169639
5	0.6	0.7	0.685526344208962	2.26601488741531	3.8	21	54.7194430639509
8	0.9	0.7	0.694281752756625	2.27950412563806	3.9	10	65.4728572565181
8	0.1	0.9	0.700110576978371	2.70736564526212	5.1	24	29.9433691863756
9	0.1	0.7	0.702854255167937	2.69820640545571	5.16666666666667	9	26.9676785581532
8	0.9	0.9	0.703391356000031	2.20752452885156	3.7	29	72.3593664005185
6	0.5	1	0.704143678372175	2.34981043166146	3.96666666666667	18	57.5687084438331
6	0.5	1	0.704143678372175	2.34981043166146	3.96666666666667	18	57.5687084438331
8	1	0.9	0.704240941862712	2.1641373024885	3.66666666666667	27	76.0253066333871
8	1	0.9	0.704240941862712	2.1641373024885	3.66666666666667	27	76.0253066333871
7	0.1	0.6	0.70427341224137	2.82910053410274	5.26666666666667	1	25.1158019593003
7	0.7	1	0.705453974374966	2.30714765215481	3.96666666666667	18	67.1550263627693
7	0.7	1	0.705453974374966	2.30714765215481	3.96666666666667	18	67.1550263627693
8	0.1	0.8	0.707740490355077	2.68839442754053	5.06666666666667	14	28.4323736865415
6	1	1	0.707856137615464	1.97443867545937	3	14	79.7411037623894
6	1	1	0.707856137615464	1.97443867545937	3	14	79.7411037623894
6	1	1	0.707856137615464	1.97443867545937	3	14	79.7411037623894
6	1	1	0.707856137615464	1.97443867545937	3	14	79.7411037623894
7	0.9	0.7	0.708074235513454	2.34102969986036	4	23	65.3671673651582
5	0.9	0.2	0.711519103069956	2.30055942789887	3.8	25	40.093987990605
5	0.9	0.3	0.712204463848438	2.2266831679232	3.53333333333333	3	47.4284779890823
5	0.7	0.4	0.712329678718059	2.30752735826176	3.83333333333333	6	47.2860218217558
6	0.9	0.6	0.716654842187965	2.13649422594757	3.6	12	61.8904298439241
5	0.8	0.2	0.71800792919995	2.34418667881995	3.93333333333333	26	38.2906370879829
5	0.9	0.4	0.719700642198945	2.11867246718101	3.3	13	53.5059204589893
7	1	0.7	0.723790082835113	2.10591785193298	3.36666666666667	13	68.6631511621455
7	1	0.7	0.723790082835113	2.10591785193298	3.36666666666667	13	68.6631511621455
5	0.6	0.4	0.725857885367274	2.34403131851262	4.03333333333333	25	43.665048171991
7	0.1	1	0.727803574259381	2.70903928790858	5.03333333333333	14	31.3648661910936
7	0.1	1	0.727803574259381	2.70903928790858	5.03333333333333	14	31.3648661910936
5	0.1	0.8	0.72797964719648	2.73376141923044	4.86666666666667	23	28.8152047476042
6	0.8	0.7	0.729929238024792	2.22693001381663	3.73333333333333	4	62.0341272300058
5	0.6	0.6	0.731242183332773	2.22128707156144	3.66666666666667	15	51.445600613737
6	0.9	0.2	0.735777108483264	2.37607890741572	4	2	39.9653337674667
5	0.8	0.3	0.739423724285402	2.23578094167372	3.63333333333333	13	44.0623012325323
7	0.1	0.9	0.740372081283015	2.73367066436869	5.1	5	30.2648738425699
8	1	0.5	0.742028968500935	2.28538574246755	3.9	9	59.5757373042609
8	1	0.5	0.742028968500935	2.28538574246755	3.9	9	59.5757373042609
7	0.6	0.7	0.744012934237243	2.39107232730784	4.13333333333333	28	54.0930336739341
5	0.8	0.5	0.745180717693508	2.20329716988626	3.56666666666667	8	54.7653061990363
5	0.8	0.9	0.745916543582463	1.98155231383638	3	12	78.5736845958799
8	1	0.7	0.748725141283543	2.29210725416957	4	30	68.516982432128
8	1	0.7	0.748725141283543	2.29210725416957	4	30	68.516982432128
5	0.9	0.9	0.752019890619635	1.91361017297659	2.9	14	81.795458513511
8	1	0.8	0.755579879957098	2.20821354702222	3.76666666666667	26	72.5586969339098
8	1	0.8	0.755579879957098	2.20821354702222	3.76666666666667	26	72.5586969339098
9	0.9	1	0.758146541587741	2.3181867029051	4.03333333333333	26	75.506715331749
9	0.9	1	0.758146541587741	2.3181867029051	4.03333333333333	26	75.506715331749
7	1	1	0.759705925101644	2.10257134967819	3.4	13	79.3382854058738
7	1	1	0.759705925101644	2.10257134967819	3.4	13	79.3382854058738
7	1	1	0.759705925101644	2.10257134967819	3.4	13	79.3382854058738
7	1	1	0.759705925101644	2.10257134967819	3.4	13	79.3382854058738
5	0.5	0.7	0.762521941505244	2.29310665802863	3.96666666666667	22	50.3411894531995
8	1	0.6	0.766159213320184	2.31186688337611	3.96666666666667	13	64.5880120005357
8	1	0.6	0.766159213320184	2.31186688337611	3.96666666666667	13	64.5880120005357
8	0.1	1	0.769094071862302	2.74366336257077	5.1	10	31.0934803410314
8	0.1	1	0.769094071862302	2.74366336257077	5.1	10	31.0934803410314
6	0.6	0.7	0.769663504872551	2.34424202966225	4.06666666666667	21	54.2244847745986
5	0.3	0.8	0.769830158447325	2.49693312442234	4.4	26	42.7180009269459
7	1	0.2	0.771850677185643	2.33477164859403	3.93333333333333	8	43.1514036340587
7	1	0.2	0.771850677185643	2.33477164859403	3.93333333333333	8	43.1514036340587
9	0.9	0.9	0.773555174528974	2.26224361635364	3.9	12	72.3486201201462
9	1	0.7	0.776579976393774	2.28509479522419	3.96666666666667	9	68.656684979562
9	1	0.7	0.776579976393774	2.28509479522419	3.96666666666667	9	68.656684979562
5	0.1	0.6	0.776917644302326	2.76990412269626	4.93333333333333	6	25.6949526823706
6	1	0.1	0.777110249556704	2.4324337828001	4.16666666666667	4	36.4680157673579
6	1	0.1	0.777110249556704	2.4324337828001	4.16666666666667	4	36.4680157673579
8	0.9	0.6	0.77901485370066	2.34324142383933	4	24	61.4497790629985
5	1	2	0.779477784293984	1.46246217978829	1.96666666666667	29	113.206290587918
5	1	2	0.779477784293984	1.46246217978829	1.96666666666667	29	113.206290587918
8	0.8	1	0.78032338050775	2.22061041975024	3.76666666666667	26	71.710677740717
8	0.8	1	0.78032338050775	2.22061041975024	3.76666666666667	26	71.710677740717
7	0.8	0.5	0.781994165104062	2.33311900593438	4.1	25	54.6725075284981
6	0.1	0.8	0.782777219335863	2.74110064253386	5.03333333333333	6	28.3940032070063
7	0.1	0.5	0.785981938916729	2.87675708803218	5.36666666666667	7	24.2114793720167
9	0.7	0.9	0.786214068216456	2.42845521286074	4.3	28	64.3433563573485
8	0.1	0.5	0.789558039790609	2.83085826362013	5.36666666666667	4	23.8935966897825
6	0.1	1	0.789834545280159	2.71450351526948	4.96666666666667	1	31.4094261321501
6	0.1	1	0.789834545280159	2.71450351526948	4.96666666666667	1	31.4094261321501
7	1	0.6	0.790228039380399	2.19041295994785	3.6	7	64.952844920744
7	1	0.6	0.790228039380399	2.19041295994785	3.6	7	64.952844920744
5	1	1	0.793810631337729	1.82223319971654	2.66666666666667	30	88.1773608052458
5	1	1	0.793810631337729	1.82223319971654	2.66666666666667	30	88.1773608052458
5	1	1	0.793810631337729	1.82223319971654	2.66666666666667	30	88.1773608052458
5	1	1	0.793810631337729	1.82223319971654	2.66666666666667	30	88.1773608052458
8	0.8	0.8	0.794082835047062	2.40588730117865	4.33333333333333	12	65.1589546989946
5	0.1	0.7	0.795621845893149	2.74886630438076	4.96666666666667	16	26.888791433851
6	0.8	1	0.795754595432721	2.13246083151881	3.5	22	71.3913295377422
6	0.8	1	0.795754595432721	2.13246083151881	3.5	22	71.3913295377422
5	0.7	0.2	0.796690584425176	2.38925470700891	4.16666666666667	16	36.085119007823
6	1	0.5	0.796813970260701	2.07735030741061	3.36666666666667	3	61.0751537161814
6	1	0.5	0.796813970260701	2.07735030741061	3.36666666666667	3	61.0751537161814
6	0.9	0.3	0.797533641409228	2.4190309100438	4.16666666666667	14	46.0701920986855
5	0.9	0.5	0.799225638389292	2.15655847001759	3.43333333333333	30	56.4012091149546
5	0.5	0.5	0.801133023853378	2.36023596266818	4.1	8	43.9397936369663
6	0.1	0.7	0.802664988241656	2.76368968655614	5.06666666666667	7	27.220128252707
6	1	0.2	0.804479873175153	2.3839222254904	4.06666666666667	25	41.1583838832127
6	1	0.2	0.804479873175153	2.3839222254904	4.06666666666667	25	41.1583838832127
5	0.7	0.5	0.804639158779673	2.24771622466734	3.66666666666667	30	51.8928410579782
6	0.5	0.6	0.805322222208969	2.48577084445867	4.46666666666667	16	47.2843615606285
5	0.7	0.3	0.805963657210123	2.32216430838474	3.9	3	42.6631413117801
6	0.2	0.9	0.80599091323772	2.68655261917384	4.93333333333333	2	38.1061410717966
7	0.1	0.7	0.805991431023968	2.7207776753309	5.1	27	26.7391299000425
9	0.8	0.9	0.806225229602551	2.41769746851581	4.33333333333333	18	68.4549309287329
6	0.1	0.9	0.807016012816916	2.82935431096764	5.13333333333333	4	29.5906241427578
5	0.5	0.4	0.807057259820417	2.45229856447138	4.3	8	40.6984201467794
5	0.9	0.1	0.808604727325021	2.44893889033068	4.23333333333333	17	35.2245247968275
5	0.8	0.1	0.80899401989851	2.44575679676973	4.16666666666667	28	33.5199292848787
7	0.9	0.9	0.809644382675675	2.1650505415835	3.63333333333333	11	72.4023378713498
9	0.9	0.8	0.809701334287771	2.43011121384872	4.36666666666667	14	68.7869418537316
9	1	0.9	0.810298721536856	2.19538488301976	3.73333333333333	16	75.8355946793321
9	1	0.9	0.810298721536856	2.19538488301976	3.73333333333333	16	75.8355946793321
5	0.6	0.5	0.811112564007361	2.31266175889806	3.9	30	47.5263633541167
7	0.1	0.2	0.811196910289685	3.29865220626202	6.46666666666667	20	18.3666620262131
9	0.1	0.6	0.811229154283785	2.66793362242671	5.1	3	25.4091130471113
7	0.8	1	0.81197766003876	2.16402262012294	3.6	15	71.8344931977968
7	0.8	1	0.81197766003876	2.16402262012294	3.6	15	71.8344931977968
9	0.9	0.7	0.812031077611762	2.42439010469706	4.23333333333333	8	65.0880885739962
5	0.3	0.4	0.812533178922254	2.58975678609411	4.7	14	32.8952316196999
6	0.7	0.7	0.814959668211617	2.25669071555436	3.86666666666667	2	58.0647772357558
8	1	1	0.815618510369132	2.09695235972961	3.5	19	79.5263584787944
8	1	1	0.815618510369132	2.09695235972961	3.5	19	79.5263584787944
8	1	1	0.815618510369132	2.09695235972961	3.5	19	79.5263584787944
8	1	1	0.815618510369132	2.09695235972961	3.5	19	79.5263584787944
5	0.8	0.6	0.816385663291039	2.20668373000765	3.53333333333333	3	58.6573222107462
6	1	0.7	0.816988002967095	1.98922362964858	3.13333333333333	22	69.2354045756743
6	1	0.7	0.816988002967095	1.98922362964858	3.13333333333333	22	69.2354045756743
5	0.6	0.8	0.817470320893998	2.13560230712093	3.53333333333333	17	57.5966100772995
5	0.3	0.6	0.818420070803682	2.53232515131415	4.5	27	38.013870495783
5	0.6	0.3	0.818725477009867	2.3473837405711	4	14	39.9949310145505
8	0.9	0.8	0.819822296793721	2.31767195886009	4.06666666666667	24	68.8800315546747
7	0.9	0.6	0.819920222707798	2.23207947632759	3.8	12	61.6123873686739
7	1	0.9	0.820293196703347	2.17005953375098	3.56666666666667	13	75.9159569407135
7	1	0.9	0.820293196703347	2.17005953375098	3.56666666666667	13	75.9159569407135
7	1	0.4	0.820441945259537	2.2940026618548	3.93333333333333	16	55.5606641276028
7	1	0.4	0.820441945259537	2.2940026618548	3.93333333333333	16	55.5606641276028
8	0.9	1	0.821033396501631	2.25448400775071	3.9	28	75.5492732585902
8	0.9	1	0.821033396501631	2.25448400775071	3.9	28	75.5492732585902
7	0.9	0.4	0.821154676861957	2.29968980170895	3.96666666666667	9	53.169110696649
6	0.9	0.7	0.824997676349812	2.19564326559404	3.6	28	64.9131537180467
5	0.6	0.1	0.82599583776802	2.56272422340682	4.56666666666667	9	29.57825113122
8	0.7	1	0.826082927459656	2.32964726735077	4	26	67.2030853016252
8	0.7	1	0.826082927459656	2.32964726735077	4	26	67.2030853016252
5	0.4	0.7	0.826760148934162	2.40985337904515	4.16666666666667	12	45.3567158782167
7	0.7	0.8	0.827079514166368	2.32530708537158	4.03333333333333	13	61.1856465155888
9	0.1	0.5	0.827946674444393	2.73703848056178	5.2	3	23.7231481572613
9	0.2	1	0.828180953361761	2.63587106516958	5	21	39.8517355502586
9	0.2	1	0.828180953361761	2.63587106516958	5	21	39.8517355502586
6	0.7	0.5	0.828805307021533	2.34728659925231	4.03333333333333	18	51.2279774019645
6	0.8	0.9	0.828953108103746	2.1233286187208	3.43333333333333	21	68.3956355865477
6	0.9	0.9	0.829032240313817	2.14172392700522	3.6	21	72.5358381563337
5	0.2	0.4	0.829406100313212	2.65440591042572	4.86666666666667	14	27.8947089179297
5	0.3	0.3	0.830223316620235	2.62166021462372	4.8	29	29.5347452893018
6	0.5	0.5	0.830597657387288	2.51207645296879	4.5	22	43.9482154595574
9	1	0.6	0.832072796856542	2.40359412018835	4.36666666666667	5	64.378376859603
9	1	0.6	0.832072796856542	2.40359412018835	4.36666666666667	5	64.378376859603
6	0.5	0.9	0.832189464428855	2.301760886717	3.93333333333333	13	55.0702016196125
5	0.4	0.4	0.833023131771833	2.48000963948185	4.36666666666667	1	36.7756539485751
9	0.8	1	0.833182177714838	2.36124805325312	4.06666666666667	17	71.4912156147411
9	0.8	1	0.833182177714838	2.36124805325312	4.06666666666667	17	71.4912156147411
5	0.5	0.9	0.833659507899795	2.29729982123652	3.9	12	55.4311048378456
8	0.1	0.1	0.834276485533985	3.67705825662415	7.9	30	15.5166529014259
6	0.6	0.5	0.835005534377094	2.44061503594112	4.4	8	47.9905437320422
5	0.4	0.6	0.836278282428478	2.37620600100798	4.03333333333333	4	42.7649503962778
9	0.1	0.4	0.837298892785657	2.77994040488147	5.33333333333333	6	21.9479589317886
5	0.7	0.8	0.837533097282485	2.22113003142792	3.66666666666667	2	61.6167461255083
6	0.1	0.2	0.838034861592124	3.09411232640854	5.83333333333333	25	17.5443326914119
6	0.6	0.6	0.838915903700609	2.34045399770207	4.1	13	50.9787348193719
5	0.3	0.5	0.838946750136485	2.61776534572893	4.76666666666667	19	35.6163584958831
7	1	0.8	0.840323400927936	2.21239904467319	3.8	29	72.399079804467
7	1	0.8	0.840323400927936	2.21239904467319	3.8	29	72.399079804467
9	0.1	0.8	0.841590335416162	2.79406810963998	5.2	19	28.7053529471358
8	0.1	0.4	0.841643669104758	2.89978892867247	5.43333333333333	11	21.8134488215599
5	0.6	0.2	0.842555128781112	2.4123025816472	4.1	12	34.6907272120515
8	1	0.1	0.843520129708621	2.63954323665105	4.83333333333333	5	33.2375027692016
8	1	0.1	0.843520129708621	2.63954323665105	4.83333333333333	5	33.2375027692016
8	0.6	1	0.843711301676134	2.43463483736652	4.36666666666667	4	62.1883584565335
8	0.6	1	0.843711301676134	2.43463483736652	4.36666666666667	4	62.1883584565335
5	0.7	0.6	0.844243778242358	2.22280522656717	3.6	24	55.4650181943696
6	0.1	0.4	0.845064299491248	2.88781822785315	5.26666666666667	17	22.41758139709
5	0.8	0.4	0.845616308752806	2.20935947231427	3.66666666666667	8	62.5575997122862
7	0.9	0.2	0.845654861949714	2.451003841016	4.26666666666667	20	39.8495313454006
6	0.9	0.8	0.848867369214877	2.0624143454394	3.36666666666667	28	69.1871104904281
6	0.8	0.3	0.849314058877866	2.3979591863835	4.13333333333333	9	45.1333579536856
6	0.9	0.5	0.850062846078617	2.17752690521108	3.6	11	57.8677172705091
6	0.4	0.7	0.850974575997235	2.6202709313181	4.76666666666667	12	45.1624157416621
9	0.6	1	0.852068466588122	2.46113916242062	4.43333333333333	6	62.5566541263881
9	0.6	1	0.852068466588122	2.46113916242062	4.43333333333333	6	62.5566541263881
5	0.4	0.9	0.85224417141977	2.35081920768439	4.06666666666667	4	50.1303954384525
7	0.8	0.6	0.852900833855721	2.39293589172097	4.13333333333333	2	58.1598743758586
5	0.4	0.8	0.853509094861011	2.3857338138196	4.06666666666667	18	48.3935491078798
7	0.9	0.3	0.853627233188153	2.41870144462591	4.3	4	48.2088900765249
7	0.8	0.2	0.853718805087249	2.50312146282036	4.53333333333333	4	40.274566491569
7	0.2	0.7	0.854000786988381	2.75024945435698	5.06666666666667	21	34.7478510788184
6	1	0.8	0.855268724856596	1.92009340570339	2.96666666666667	12	81.8906660198311
6	1	0.8	0.855268724856596	1.92009340570339	2.96666666666667	12	81.8906660198311
6	0.3	0.8	0.85562166126228	2.59668281220876	4.7	7	42.5884729151767
5	0.3	0.9	0.855651281375347	2.4989302761418	4.46666666666667	4	45.0300912934197
9	0.1	1	0.855682181813526	2.63013284448519	5	18	30.9997627267299
9	0.1	1	0.855682181813526	2.63013284448519	5	18	30.9997627267299
8	0.3	1	0.85673792501174	2.58256968006853	4.83333333333333	18	46.5571201199247
8	0.3	1	0.85673792501174	2.58256968006853	4.83333333333333	18	46.5571201199247
7	0.2	0.9	0.857155229877384	2.68990528948463	4.96666666666667	7	38.0781909735028
6	1	0.3	0.857767652552937	2.30759700015842	3.93333333333333	10	48.0392110835547
6	1	0.3	0.857767652552937	2.30759700015842	3.93333333333333	10	48.0392110835547
6	0.6	0.3	0.857861862236674	2.52795579436072	4.53333333333333	6	40.2533601004318
6	0.1	0.6	0.858622942618278	2.84733357242993	5.13333333333333	29	25.9035148143496
9	0.7	0.8	0.858750732901612	2.50178556399189	4.5	24	61.1917995998888
6	0.9	1	0.859969764252942	2.03543728734133	3.23333333333333	6	75.8842111913333
6	0.9	1	0.859969764252942	2.03543728734133	3.23333333333333	6	75.8842111913333
5	0.9	0.6	0.860188206011134	2.11988938237222	3.5	3	61.5868135377243
8	0.2	1	0.860214907241534	2.66881442381584	5	1	39.8138993891527
8	0.2	1	0.860214907241534	2.66881442381584	5	1	39.8138993891527
7	0.6	0.6	0.86032831829865	2.51047583895804	4.53333333333333	5	51.2167751632609
6	0.4	0.3	0.861430247150659	2.66670841297345	4.9	27	33.9850856759121
5	0.9	0.8	0.861995539227174	1.89775873398142	2.86666666666667	17	78.5247930756133
7	0.5	1	0.862214379886652	2.40684817832904	4.3	24	57.643035940804
7	0.5	1	0.862214379886652	2.40684817832904	4.3	24	57.643035940804
8	0.8	0.7	0.864060572342475	2.36941443182959	4.16666666666667	2	61.8745871852883
6	0.8	0.2	0.864844526262806	2.45737335852091	4.36666666666667	18	38.3898789868827
9	0.8	0.8	0.865460236604651	2.41605739738145	4.3	27	65.0441601322835
6	0.5	0.4	0.866920574943143	2.53034534959085	4.6	30	40.9661235137491
7	0.2	1	0.867234234159876	2.68828718907081	4.96666666666667	15	39.7930816134263
7	0.2	1	0.867234234159876	2.68828718907081	4.96666666666667	15	39.7930816134263
7	0.1	0.8	0.868503937950528	2.74429133195415	5.1	24	28.1698078150476
5	0.2	0.5	0.869318618377186	2.75470618828342	4.96666666666667	9	30.1456611460406
5	0.5	0.3	0.870695206891133	2.48181921884323	4.36666666666667	27	37.093952804453
6	0.4	0.9	0.870908959299477	2.5082386088276	4.53333333333333	5	50.3792977428847
8	0.8	0.6	0.871223924759839	2.40113462269107	4.3	23	57.9975741622159
9	1	0.8	0.871301298875504	2.26747859609813	3.96666666666667	25	72.3876506706844
9	1	0.8	0.871301298875504	2.26747859609813	3.96666666666667	25	72.3876506706844
6	0.2	1	0.871515516017461	2.69233083976037	4.86666666666667	4	39.8844696891442
6	0.2	1	0.871515516017461	2.69233083976037	4.86666666666667	4	39.8844696891442
7	0.6	0.8	0.872963174107171	2.33935102997127	4.16666666666667	20	56.9017887075558
6	0.4	0.5	0.873624439435713	2.57401318664729	4.73333333333333	18	39.9942887212987
8	0.7	0.9	0.873629482496258	2.53064141713923	4.63333333333333	19	64.0613390777293
6	0.1	0.5	0.873828220755392	2.78106639436663	5.13333333333333	27	23.7808753970353
7	0.4	0.7	0.874023104381864	2.56841014847086	4.73333333333333	9	45.4334622171823
5	0.4	0.5	0.874979632681416	2.48747932737123	4.43333333333333	13	40.2484102515468
9	0.1	0.9	0.875132131494141	2.73726376037084	5.13333333333333	7	29.6055050988321
6	0.5	0.8	0.875368460247346	2.45844818021238	4.43333333333333	30	52.8189568275603
8	1	0.3	0.87556785384645	2.39482445000276	4.2	3	48.195588536948
8	1	0.3	0.87556785384645	2.39482445000276	4.2	3	48.195588536948
7	0.1	0.3	0.875984295338463	3.0143242147684	5.7	9	19.8641519559711
8	1	0.2	0.876257411901002	2.59219264368666	4.73333333333333	25	41.3378332281452
8	1	0.2	0.876257411901002	2.59219264368666	4.73333333333333	25	41.3378332281452
6	0.1	0.1	0.876565564686862	3.13270868265638	6	10	16.6344056514351
9	0.9	0.6	0.876728728717475	2.37083301141008	4.16666666666667	12	61.8298984794726
7	0.8	0.3	0.878486879221959	2.3903050521239	4.1	12	44.0741902353326
5	0.7	0.1	0.879479486826792	2.52485808481808	4.46666666666667	7	30.3946158888901
9	0.1	0.3	0.879779347732821	2.94930297943094	5.63333333333333	4	20.300528376678
6	0.9	0.4	0.879817616512731	2.32015877741468	4	16	53.6045516742326
8	0.5	0.8	0.880006919319031	2.56572771871835	4.7	29	52.5053977611732
6	1	0.4	0.880386622247963	2.28935428066306	3.93333333333333	6	54.1032017371211
6	1	0.4	0.880386622247963	2.28935428066306	3.93333333333333	6	54.1032017371211
7	0.6	1	0.880462247594046	2.3691749793268	4.13333333333333	16	62.4859207297561
7	0.6	1	0.880462247594046	2.3691749793268	4.13333333333333	16	62.4859207297561
6	0.6	1	0.881097553905957	2.27597069902775	3.96666666666667	15	62.6793625656269
6	0.6	1	0.881097553905957	2.27597069902775	3.96666666666667	15	62.6793625656269
6	0.7	0.9	0.882043169061695	2.25544866901605	3.93333333333333	9	64.3117019986963
5	0.2	0.2	0.882963189619872	2.70271747282777	4.9	4	23.4152512934297
6	0.3	1	0.883370542371451	2.55396076721308	4.7	5	46.5234448399175
6	0.3	1	0.883370542371451	2.55396076721308	4.7	5	46.5234448399175
9	0.2	0.6	0.883533300552574	2.63851333889731	5.03333333333333	21	32.5349325697725
7	0.7	0.6	0.883818806984625	2.47670487846906	4.46666666666667	25	54.8502643987159
5	0.3	0.7	0.88384738625587	2.55328411362366	4.56666666666667	29	40.5213724296693
6	0.6	0.8	0.883955876040568	2.37511613581027	4.2	14	57.3687260638173
8	0.7	0.3	0.8841571382063	2.46849676048508	4.56666666666667	9	41.791194578264
7	0.6	0.4	0.884410954553762	2.48282247752971	4.56666666666667	25	43.297726849284
8	0.6	0.7	0.884479663196659	2.53064077660093	4.6	21	54.1616168829967
5	0.2	0.3	0.885026505132963	2.71652347505054	4.93333333333333	18	25.6364116106669
9	0.8	0.6	0.885218685147391	2.47431142992016	4.46666666666667	7	58.2136221679565
5	0.1	0.2	0.885916622757971	2.8172929019814	5	17	18.6579864825442
8	0.8	0.4	0.886057668963408	2.5199362541346	4.56666666666667	29	48.9267826970626
5	0.1	0.5	0.887189262697855	2.75223884045084	5	17	24.1243780841621
7	0.5	0.7	0.887533548676983	2.52058109246031	4.66666666666667	13	49.9661753416681
8	0.8	0.5	0.887554057888648	2.48298059655496	4.36666666666667	22	54.080960851752
5	0.2	0.6	0.887711849994225	2.63200589299732	4.7	22	32.8451863550728
5	0.1	0.1	0.887771083831951	2.78409200338277	5	5	18.4893450422955
5	0.9	0.7	0.888279843215587	2.03478873370556	3.23333333333333	26	65.7442028926255
7	0.8	0.9	0.888355900932171	2.21319685456977	3.76666666666667	4	68.3992699049839
8	0.7	0.6	0.888440976346136	2.53578586151883	4.66666666666667	26	54.7740159150757
8	0.5	1	0.890183658371593	2.48857078549541	4.56666666666667	14	57.7234108324233
8	0.5	1	0.890183658371593	2.48857078549541	4.56666666666667	14	57.7234108324233
6	0.7	1	0.891176871274381	2.15563313155662	3.63333333333333	26	67.3685783756467
6	0.7	1	0.891176871274381	2.15563313155662	3.63333333333333	26	67.3685783756467
7	0.6	0.9	0.891406942446765	2.37126735391741	4.23333333333333	19	59.7000746587041
6	0.7	0.4	0.892015011869105	2.43078919322033	4.26666666666667	5	46.5588809195101
7	1	0.3	0.892066582482074	2.30037796830794	3.9	6	48.4342524261609
7	1	0.3	0.892066582482074	2.30037796830794	3.9	6	48.4342524261609
6	0.5	0.3	0.89213074309507	2.49058953113928	4.56666666666667	19	36.9440175356251
9	1	0.5	0.892192265481902	2.3756511097272	4.13333333333333	7	60.2691930534833
9	1	0.5	0.892192265481902	2.3756511097272	4.13333333333333	7	60.2691930534833
7	0.7	0.7	0.892204342283062	2.43322786803896	4.36666666666667	28	58.20940364331
6	0.4	1	0.892905586607701	2.45122015500755	4.36666666666667	24	52.5841989760099
6	0.4	1	0.892905586607701	2.45122015500755	4.36666666666667	24	52.5841989760099
9	0.7	1	0.892987775459982	2.47323389678152	4.46666666666667	29	67.1842855212535
9	0.7	1	0.892987775459982	2.47323389678152	4.46666666666667	29	67.1842855212535
5	0.2	0.9	0.893130872833242	2.58664602614531	4.76666666666667	26	38.2143417863895
7	0.9	0.5	0.89322641947713	2.35110635852746	4.06666666666667	13	56.358981640731
6	0.7	0.6	0.893623589398087	2.3251023878151	4.03333333333333	15	54.9184621371522
8	0.7	0.4	0.893685292615294	2.50902747336983	4.56666666666667	30	47.820084069919
7	0.8	0.4	0.893764404435035	2.4470919212168	4.4	13	49.1686070816455
6	0.3	0.7	0.89400476859296	2.56458764964787	4.73333333333333	10	40.2994392382586
7	1	0.5	0.894189985138252	2.34537453170373	4.03333333333333	5	58.7445066217343
7	1	0.5	0.894189985138252	2.34537453170373	4.03333333333333	5	58.7445066217343
7	0.7	0.5	0.894759908439837	2.44272624079508	4.36666666666667	2	50.9528542369411
6	1	0.6	0.894804540443712	2.06750460459975	3.4	23	64.8262094362653
6	1	0.6	0.894804540443712	2.06750460459975	3.4	23	64.8262094362653
6	0.4	0.4	0.894995383860916	2.55547580951021	4.73333333333333	16	36.9298120112695
9	0.5	0.6	0.895140303905767	2.64995214688588	4.9	24	47.4177784824423
5	0.1	0.9	0.8953337635658	2.75295891275054	4.93333333333333	19	29.7065962456034
9	0.6	0.5	0.895833283961974	2.52858749944804	4.66666666666667	2	47.8352542953886
7	0.5	0.6	0.895971138763844	2.51194078502062	4.63333333333333	14	47.1086070880407
7	0.4	0.3	0.896951721258436	2.65867130060824	4.96666666666667	22	33.8013138616571
6	0.6	0.9	0.897902970024098	2.30066878211452	3.96666666666667	13	59.838008995101
8	0.2	0.8	0.898494494414566	2.68886507832539	5.03333333333333	16	36.439375629273
8	0.4	0.9	0.89959611316231	2.54044888098833	4.7	23	50.2060357053954
9	0.1	0.1	0.899746501273834	3.98946029354146	8.8	11	14.4153814062933
6	0.7	0.2	0.901245548762477	2.45066152595203	4.43333333333333	19	35.8931948255826
5	0.2	0.1	0.901265855294185	2.71881089097651	4.96666666666667	1	20.3651136067984
6	0.4	0.2	0.901801428053617	2.69197575223823	4.9	22	30.0745733428401
5	0.4	0.1	0.902274422746244	2.63350388928796	4.8	1	25.7789312498123
6	0.3	0.3	0.902452732838398	2.67884160023596	4.96666666666667	7	30.3062817661715
8	0.6	0.8	0.9028205404202	2.48255095134183	4.53333333333333	27	56.9257220544907
7	1	0.1	0.903261476452234	2.57166423540713	4.63333333333333	1	34.9030796664242
7	1	0.1	0.903261476452234	2.57166423540713	4.63333333333333	1	34.9030796664242
6	0.9	0.1	0.903321812316507	2.53685181654975	4.46666666666667	1	34.6861555506632
9	0.6	0.8	0.904488421180431	2.60510415024187	4.76666666666667	21	57.0269151815961
9	0.9	0.4	0.904635357988475	2.53709324632434	4.63333333333333	30	53.0117023064264
8	0.8	0.3	0.904817935160582	2.56104605944201	4.7	16	44.3954452227609
6	0.2	0.8	0.90538068553532	2.67534047450602	4.9	10	36.448718441748
7	0.4	0.6	0.905861240810509	2.62635161671967	4.86666666666667	24	42.6122915958004
6	0.7	0.1	0.906813984693288	2.59113175423965	4.7	15	31.1190080286322
6	0.8	0.1	0.907866629246658	2.59546487327716	4.66666666666667	3	31.2738460183977
7	0.9	1	0.908455112677847	2.16615849537332	3.7	9	75.2162265101728
7	0.9	1	0.908455112677847	2.16615849537332	3.7	9	75.2162265101728
6	0.2	0.3	0.9085603957763	2.75612247905071	5.03333333333333	18	25.8534686167805
6	0.6	0.4	0.908594044397605	2.37504323230785	4.16666666666667	11	43.7032353366633
8	0.4	0.2	0.909135964119998	2.64347493832677	5	19	30.4195361497871
5	0.5	0.6	0.909550146798969	2.40757228520365	4.16666666666667	19	47.2779739640634
9	1	0.4	0.909775744592991	2.31627568174331	3.96666666666667	21	53.7760778351182
9	1	0.4	0.909775744592991	2.31627568174331	3.96666666666667	21	53.7760778351182
8	0.2	0.7	0.909885081795228	2.69961121809477	5.03333333333333	2	34.4296256252839
7	0.7	0.3	0.910341567332152	2.52238317808244	4.56666666666667	3	41.4470319421967
9	1	0.2	0.910559993596692	2.55250889562324	4.63333333333333	29	41.6725799206842
9	1	0.2	0.910559993596692	2.55250889562324	4.63333333333333	29	41.6725799206842
6	0.3	0.9	0.910703444120051	2.53727131412021	4.63333333333333	28	44.5215863199763
8	0.8	0.2	0.911376594579284	2.66098780349276	4.96666666666667	13	38.2857378924741
6	0.2	0.2	0.911450260608964	2.85210725082888	5.23333333333333	9	23.1267568383623
9	0.2	0.9	0.911594797681594	2.59833673238913	5	15	38.0976693111447
5	0.2	0.8	0.91165915257805	2.59468252089961	4.73333333333333	16	36.1766026896363
5	0.3	0.2	0.911919515075571	2.60515309797	4.8	8	26.9485908291616
8	0.9	0.3	0.912458671180875	2.45226859952528	4.36666666666667	1	47.3244262103331
6	0.7	0.3	0.91283564018609	2.41516504205481	4.4	14	42.9727024998448
8	0.6	0.9	0.912984660331768	2.50929838910551	4.6	25	59.8970334374296
7	0.9	0.1	0.913175163531751	2.55899280303243	4.6	2	32.9730365525317
5	0.1	0.4	0.913482810862905	2.75670210989077	5	23	22.8730733162342
7	0.1	0.1	0.913900130016015	3.44693370130789	6.93333333333333	5	15.4035132198835
9	0.6	0.6	0.914826889734203	2.52810860383618	4.7	29	50.9994430999507
9	0.6	0.7	0.915075798423866	2.53278699010129	4.7	22	54.1818184808929
5	0.8	0.7	0.915087723616432	2.1469437864009	3.53333333333333	26	62.249174892305
9	0.8	0.4	0.915242260437366	2.50336540503013	4.56666666666667	5	50.5598187262704
6	0.8	0.4	0.915468396272782	2.38389694368956	4.1	19	48.9756330108822
7	0.5	0.4	0.915633887704371	2.58389143952162	4.8	15	40.7228321676464
5	0.1	0.3	0.915699537294855	2.75492453610863	5	2	21.1140397983304
7	0.7	0.9	0.915855205999413	2.3679252531806	4.23333333333333	14	64.1342969002285
9	0.9	0.5	0.915932675230686	2.53082202662577	4.66666666666667	12	56.6423557566155
8	0.6	0.4	0.915946366572272	2.60458737357291	4.86666666666667	16	44.2371456572968
6	0.5	0.7	0.916502677701842	2.43743309366754	4.36666666666667	30	50.0860603964799
7	0.7	0.2	0.916563713657454	2.5710076824596	4.76666666666667	2	36.144230328203
9	0.7	0.5	0.917107747844821	2.59123344827196	4.8	14	51.0628128648116
6	0.2	0.5	0.917521475668394	2.68865362238832	5.03333333333333	6	30.1460193394063
7	0.4	0.4	0.917642848645647	2.6027142756184	4.93333333333333	12	37.1794839072661
6	0.5	0.1	0.917703216555819	2.67867863315644	5	8	27.6974605215019
9	0.4	1	0.917788289424035	2.55351804593518	4.76666666666667	6	52.2123264482651
9	0.4	1	0.917788289424035	2.55351804593518	4.76666666666667	6	52.2123264482651
5	0.5	0.2	0.918113226379091	2.55757949273831	4.56666666666667	21	32.5750178080248
8	0.5	0.4	0.91824250009125	2.63925694315458	4.9	13	40.4183809439078
7	0.3	0.3	0.918481167368167	2.732285769303	5.13333333333333	30	29.7535526395431
8	0.2	0.4	0.918773501668139	2.68108227700236	5.06666666666667	20	28.2911348208509
6	0.6	0.2	0.918838060842088	2.53646296066266	4.63333333333333	27	34.6686689740065
6	0.3	0.5	0.919553396873826	2.63734246139944	4.9	8	35.1210250687104
8	0.3	0.8	0.919553396873826	2.61998803824472	4.96666666666667	30	42.3609814482408
7	0.8	0.7	0.91990815126231	2.33701865883725	4.06666666666667	1	61.9793603932259
8	0.2	0.9	0.919950633442605	2.65701708878837	5	27	38.1273695807349
7	0.2	0.4	0.920195922913397	2.71379569236778	5.06666666666667	22	28.0942808721452
6	0.4	0.1	0.920394519570706	2.65436549419781	4.93333333333333	17	25.5459160019106
5	0.4	0.3	0.92107365609207	2.52841634190369	4.56666666666667	27	34.1748211432404
8	0.8	0.9	0.921413046109075	2.4058967307778	4.3	25	68.299455208567
9	0.4	0.6	0.921771350861103	2.63197222616006	4.93333333333333	21	42.7844802726738
9	1	0.1	0.921780234985293	2.66580402329999	4.96666666666667	12	33.3143237388668
9	1	0.1	0.921780234985293	2.66580402329999	4.96666666666667	12	33.3143237388668
8	0.5	0.7	0.922867454441118	2.56966230813848	4.8	21	49.9641829713662
9	0.6	0.2	0.922967864771388	2.58706575358803	4.96666666666667	27	36.0066326226539
7	0.3	0.5	0.923282181864463	2.63126771484097	5	20	35.4739368498321
7	0.5	0.3	0.923319463953976	2.62773612202608	4.9	9	37.0801213926389
9	0.8	0.7	0.923391749566198	2.42177315640406	4.36666666666667	7	61.8184687043091
8	0.9	0.5	0.923833354309764	2.41109304497752	4.23333333333333	24	57.7424223869385
7	0.8	0.8	0.924066200673418	2.26827056516145	3.96666666666667	16	65.2019863425935
6	0.3	0.2	0.924483987932393	2.69433407249469	5.03333333333333	12	26.4182302730283
9	0.5	0.7	0.924672832918014	2.53595350062553	4.76666666666667	26	50.093927035062
8	0.4	0.8	0.924672832918015	2.58339468579682	4.8	23	47.9027149159656
7	0.3	0.2	0.924753901884703	2.68181748366996	5.1	22	26.9669647561563
7	0.2	0.5	0.925549264759939	2.63921173682671	5.03333333333333	15	30.3241348589204
8	0.1	0.3	0.926222025345462	3.01677218671265	5.76666666666667	24	20.2767652348739
5	0.3	0.1	0.926917494511763	2.71705890684461	4.96666666666667	13	23.1148584750715
8	0.6	0.6	0.927360955533183	2.52032645017575	4.66666666666667	13	50.9419514836942
8	0.6	0.5	0.92747947741383	2.59512677360007	4.86666666666667	21	47.8084847216518
9	0.3	0.1	0.928264873333085	2.79442121427187	5.4	6	23.1001798143033
8	0.7	0.7	0.92905913405771	2.48934161092768	4.53333333333333	6	58.0723477973747
6	0.6	0.1	0.929121804320163	2.60267531806766	4.83333333333333	15	29.8015277874863
7	0.4	0.1	0.929376495071211	2.74277598535896	5.16666666666667	7	25.4990425553467
7	0.1	0.4	0.930065390780481	2.74893484956084	5.2	27	21.6568624505404
6	0.4	0.6	0.9300902494339	2.50855166960317	4.56666666666667	10	43.1006570715365
5	0.4	0.2	0.930447953921632	2.5648130082406	4.7	25	30.3772285914713
6	0.8	0.8	0.930700040045691	2.29216857526656	3.93333333333333	6	65.3155013422489
7	0.4	1	0.930975565575373	2.4574486388462	4.53333333333333	17	52.3975392142877
7	0.4	1	0.930975565575373	2.4574486388462	4.53333333333333	17	52.3975392142877
6	0.2	0.6	0.931083346353392	2.65763513730344	4.93333333333333	2	32.5471332176239
9	0.6	0.9	0.931162599927383	2.51223931937927	4.66666666666667	5	59.6961886025123
9	0.4	0.3	0.93116935068602	2.61953034533384	5	28	34.1331571722668
7	0.5	0.9	0.931518984278458	2.45954907953955	4.46666666666667	14	55.2062706281243
9	0.8	0.5	0.933392925763472	2.49567052552318	4.6	12	53.6878636859706
8	0.5	0.2	0.933425407167259	2.64205925371252	5.06666666666667	6	33.3259957487884
7	0.3	0.4	0.933512776503516	2.6698966479603	5.03333333333333	13	32.9770866996896
8	0.1	0.6	0.933737489796643	2.7103873369282	5.1	11	25.0304452597253
8	0.3	0.3	0.933845193762496	2.61327324170477	5.03333333333333	24	30.2449218382794
9	0.3	0.9	0.933954586755897	2.62189930795126	4.96666666666667	30	44.7000231441449
7	0.2	0.1	0.93406532762714	2.91739617720042	5.53333333333333	5	19.9593784286435
9	0.6	0.4	0.934084101052938	2.60159574473023	4.83333333333333	16	43.8197987733568
8	0.5	0.9	0.93415868727802	2.50140953322163	4.63333333333333	11	55.0414568619759
6	0.4	0.8	0.934460324554596	2.49253586458317	4.53333333333333	17	47.9043691925843
8	0.2	0.1	0.935211880534927	3.23490447684511	6.13333333333333	2	20.05725232947
7	0.6	0.1	0.93560338616691	2.63115599060374	5	10	30.0093447720647
7	0.4	0.5	0.935778444947623	2.60647231391593	4.93333333333333	3	39.9396903208072
9	0.5	0.9	0.936209396296966	2.581976801195	4.86666666666667	29	55.0597691947143
8	0.4	0.5	0.936483401166407	2.62257416661136	4.96666666666667	27	40.0477481488751
9	0.7	0.6	0.936799488651016	2.52962436991061	4.63333333333333	15	55.0638702152448
5	0.2	0.7	0.936824218642601	2.6053016170043	4.8	14	34.4838390254826
9	0.2	0.1	0.936977915859561	3.27550602546498	6.33333333333333	15	20.0504988465536
7	0.5	0.2	0.937495539561252	2.635038426925	4.93333333333333	26	32.6399088320813
8	0.3	0.5	0.93759291664255	2.59274537317603	4.96666666666667	11	35.5502821395015
7	0.4	0.2	0.937647164971195	2.68195675391986	5.03333333333333	15	30.1345975878444
9	0.7	0.1	0.937729651478401	2.63272158094775	5	14	31.9441824200754
7	0.3	0.6	0.937940825835924	2.64958322034193	4.9	24	37.9112408153638
8	0.2	0.3	0.938059400180496	2.76090401902519	5.2	28	25.695957460943
7	0.2	0.6	0.938444903086207	2.63611923557042	5	17	32.2181793754791
6	0.5	0.2	0.938779178647209	2.55436038368951	4.76666666666667	10	33.3058488402806
9	0.6	0.1	0.938962754210304	2.70514877916242	5.16666666666667	5	30.1063630584903
9	0.5	0.3	0.939030988968794	2.60600330112049	5	4	37.4922379523382
8	0.4	0.3	0.939277800753501	2.63854051711623	5	18	33.9437482271853
7	0.6	0.5	0.93946210144011	2.57715821278348	4.83333333333333	23	47.5655464197851
6	0.2	0.7	0.939526772496283	2.69452445345434	4.96666666666667	24	34.6931581150244
6	0.2	0.1	0.939674149385248	2.95751063875377	5.56666666666667	28	20.5657593715414
9	0.8	0.2	0.939712861833471	2.64674128523639	5.03333333333333	29	39.7400601581537
7	0.2	0.3	0.94012612486149	2.7189651003414	5.1	11	25.8595714524472
9	0.3	0.6	0.940167552189212	2.62217976530541	5.03333333333333	9	38.1262191817232
8	0.5	0.1	0.940325447756609	2.72564902350995	5.2	15	27.6103341390131
8	0.4	0.7	0.940447818116296	2.58343910963316	4.86666666666667	23	45.2852956365165
8	0.9	0.4	0.940829857522446	2.44381371987601	4.4	28	51.7219554463143
7	0.3	0.1	0.941069092532033	2.82935882777035	5.4	13	22.7347386154415
9	0.5	0.1	0.941090821027454	2.73301849654503	5.26666666666667	24	27.1264531652593
7	0.5	0.8	0.941262805087427	2.57556296396663	4.76666666666667	2	52.4873096999188
6	0.3	0.4	0.941302942966583	2.64737155798679	4.96666666666667	12	32.7721600857267
8	0.4	0.4	0.941369608896939	2.61069434158113	5	30	37.0619350755076
9	0.4	0.4	0.941369608896939	2.59541975619627	4.96666666666667	1	37.1349556732805
9	0.5	0.4	0.941390538724857	2.53962538332146	4.83333333333333	11	40.4475429592292
8	0.7	0.8	0.941750023243896	2.49702739543255	4.5	20	61.1560854140103
8	0.4	0.6	0.941771575349351	2.58443315800042	4.96666666666667	5	42.9269473801007
6	0.3	0.6	0.941954459206339	2.60634016641186	4.83333333333333	28	37.857707292276
9	0.3	0.4	0.942044180045912	2.6354777718601	5.03333333333333	28	32.8244012509006
9	0.6	0.3	0.942079622777619	2.6046637769101	4.93333333333333	25	39.0405825266364
8	1	0.4	0.942501868696879	2.39072170191874	4.26666666666667	13	55.5423802616006
8	1	0.4	0.942501868696879	2.39072170191874	4.26666666666667	13	55.5423802616006
9	0.9	0.1	0.943055702875344	2.68431507061471	5	11	34.8594624952374
9	1	0.3	0.943203170865642	2.50180742282909	4.56666666666667	5	49.78334111882
9	1	0.3	0.943203170865642	2.50180742282909	4.56666666666667	5	49.78334111882
8	0.3	0.6	0.943249230563088	2.63722602403179	5	17	37.9910560036752
8	0.5	0.6	0.94344584527674	2.54125657600508	4.8	3	47.0470584201094
8	0.7	0.1	0.943598510566655	2.65427259531719	5.03333333333333	21	32.0986875561369
7	0.5	0.1	0.943712007049348	2.63878123140634	5.03333333333333	25	27.860247848216
8	0.3	0.9	0.94416902193035	2.59585760468784	4.9	20	44.6082914213364
9	0.4	0.8	0.94463600049029	2.62249825587463	4.86666666666667	22	47.8219881774966
8	0.2	0.2	0.944651670945735	2.75008640724856	5.26666666666667	1	23.0301269285095
7	0.6	0.2	0.944811582759562	2.60070825885292	4.86666666666667	12	35.0262876215884
9	0.9	0.3	0.945204775686223	2.58976675635901	4.83333333333333	21	47.4368459240119
8	0.8	0.1	0.945458664926668	2.59727073288362	4.9	19	31.854366607791
9	0.7	0.2	0.945691574174186	2.62598027568841	5.03333333333333	26	38.0750219553271
9	0.5	0.5	0.946007327878886	2.57252301825975	4.9	9	43.9329278361839
8	0.9	0.2	0.946288697100762	2.4864018995154	4.46666666666667	21	39.9830031667337
5	0.5	0.1	0.946381120242221	2.58442894991306	4.73333333333333	23	27.5189063706523
8	0.4	0.1	0.946460857698938	2.79760172943768	5.26666666666667	29	26.2133417703053
9	0.3	0.8	0.94662938773579	2.59104191701597	4.93333333333333	3	42.6327967928081
8	0.7	0.5	0.946712528865713	2.54392076657113	4.7	14	51.1306657398876
9	0.7	0.7	0.946712528865713	2.55594513064708	4.76666666666667	8	58.1719619495535
8	0.5	0.3	0.946998474632075	2.59857454195734	5	2	36.7723192851118
9	0.4	0.2	0.947294265427599	2.59886159083623	5.03333333333333	2	30.6568995929647
8	0.3	0.2	0.947310934066293	2.65546494017866	5.03333333333333	19	26.3588127041738
8	0.6	0.2	0.947684034228261	2.6002289284968	4.93333333333333	28	35.1115635407556
8	0.5	0.5	0.947839768002181	2.60209080211461	4.93333333333333	24	44.0319464515003
7	0.2	0.2	0.948387785706348	2.90425659782734	5.53333333333333	1	22.4139747747177
9	0.2	0.2	0.948546636588246	2.6821440682365	5.2	17	23.1237893893542
9	0.5	0.8	0.948549277491271	2.58034004477152	4.8	12	52.4823729785846
8	0.7	0.2	0.948719763920457	2.65328266142572	5	4	38.0874968777062
9	0.7	0.4	0.948719763920457	2.62622030454794	5	13	46.5456446163636
8	0.3	0.7	0.948877335958728	2.62079271227492	5	20	40.2168773903458
6	0.3	0.1	0.948907927881119	2.82616751421596	5.33333333333333	3	23.1406811765398
8	0.6	0.1	0.949218407537282	2.64641291475415	5	1	29.3844486178131
9	0.8	0.1	0.949218407537282	2.64810619408474	5.03333333333333	12	33.1695292437779
9	0.4	0.7	0.949391961979164	2.61826779700371	4.96666666666667	2	45.5472032255669
8	0.4	1	0.949850440610018	2.53865297657172	4.76666666666667	9	52.3000744210843
8	0.4	1	0.949850440610018	2.53865297657172	4.76666666666667	9	52.3000744210843
8	0.3	0.1	0.949968629540941	2.83062632480439	5.36666666666667	3	23.3229630506715
7	0.7	0.4	0.950903703456475	2.50113452295085	4.56666666666667	22	46.4777928329324
9	0.2	0.5	0.950948491766732	2.6644653149716	5.06666666666667	13	30.4559895797835
7	0.6	0.3	0.951030132244192	2.5742036513665	4.83333333333333	14	40.6962240714513
9	0.7	0.3	0.951111109540487	2.5311625569039	4.76666666666667	2	42.9496274411566
9	0.4	0.9	0.951578207447581	2.57553535803571	4.86666666666667	8	50.1015858091651
9	0.9	0.2	0.951578207447581	2.63047585587932	4.86666666666667	2	41.3046137242937
9	0.3	0.2	0.951742155385472	2.6536721973592	5.06666666666667	13	27.0839530993436
8	0.3	0.4	0.951813432935514	2.66245971456977	5.03333333333333	25	33.0411464643739
6	0.2	0.4	0.95202697811952	2.75501005364531	5.03333333333333	11	28.3904821327448
7	0.5	0.5	0.952600487897464	2.53844806547917	4.73333333333333	30	43.9964972210591
9	0.4	0.1	0.952606441392288	2.68577089371909	5.2	5	25.3929331287262
9	0.2	0.3	0.952624620772781	2.66692597261409	5.1	9	25.7925967541993
7	0.3	0.7	0.952630984603278	2.63161624107758	4.93333333333333	20	40.3080640035313
9	0.8	0.3	0.952940913250989	2.55236732754957	4.83333333333333	6	45.1433175189413
9	0.3	0.3	0.953075727979551	2.63897981795805	5.03333333333333	5	29.6698334489259
7	0.3	1	0.953857027234027	2.61079363124403	4.93333333333333	9	46.7621167954576
7	0.3	1	0.953857027234027	2.61079363124403	4.93333333333333	9	46.7621167954576
7	0.4	0.9	0.95400373152539	2.55557995822768	4.73333333333333	27	50.0863957085952
7	0.8	0.1	0.954199370595872	2.63414390525575	4.9	22	32.1176935843044
7	0.4	0.8	0.954626837394174	2.55332267802944	4.76666666666667	9	47.9551929975514
9	0.5	0.2	0.954670850003863	2.63018988507283	5.03333333333333	18	33.3393977041545
8	0.9	0.1	0.954850196189383	2.58050657498386	4.7	18	32.7297759616998
7	0.7	0.1	0.955054773681824	2.65219012709871	4.96666666666667	4	32.2098432724301
8	0.6	0.3	0.955440923713193	2.55510728478152	4.76666666666667	11	39.9875634443972
7	0.3	0.9	0.955456006524049	2.55844793328923	4.83333333333333	6	44.6714304175306
9	0.4	0.5	0.95582215227397	2.59413492700512	4.96666666666667	30	40.2107746491412
9	0.5	1	0.955851299507353	2.55252965260001	4.8	2	57.6063370842048
9	0.5	1	0.955851299507353	2.55252965260001	4.8	2	57.6063370842048
6	0.1	0.3	0.956110088761777	2.97622902957127	5.5	28	19.8736757946925
7	0.3	0.8	0.957226963595831	2.60691345101285	4.86666666666667	1	42.7642815847034
8	0.2	0.5	0.958038334976431	2.71501198783378	5.13333333333333	19	30.4550371518256
9	0.3	0.5	0.961211247394033	2.61088525176786	5	6	35.4232908847664
8	0.2	0.6	0.961834162247363	2.60955039923338	5	18	32.3037970004844
7	0.2	0.8	0.96277650386075	2.68110924651503	5	21	36.3093141140295
8	0.1	0.2	0.964743512109667	3.30116831325201	6.7	22	17.6076242309509
9	0.1	0.2	0.964922410367715	3.43263224876772	6.93333333333333	30	18.0548273444424
9	0.2	0.4	0.967543350012252	2.62959182117132	5.06666666666667	9	27.8832697323854
9	0.2	0.8	0.967579644802625	2.62848767629394	5	28	36.0781729546919
9	0.3	1	0.967663732322723	2.62902668029747	4.96666666666667	15	46.8123998535044
9	0.3	1	0.967663732322723	2.62902668029747	4.96666666666667	15	46.8123998535044
9	0.3	0.7	0.969111702865455	2.61824253870592	5	16	39.9666079372769
9	0.2	0.7	0.971804912922373	2.68624297694702	5.13333333333333	28	34.432796174267
5	1	4	1	1	1	9	176.536074448813
5	1	5	1	1	1	14	184.183835844068
5	1	6	1	1	1	21	191.057484477171
5	1	7	1	1	1	1	197.367874177535
5	1	8	1	1	1	29	203.267691115279
5	1	9	1	1	1	17	208.854667477378
5	1	10	1	1	1	4	213.741041080443
5	1	4	1	1	1	9	176.536074448813
5	1	5	1	1	1	14	184.183835844068
5	1	6	1	1	1	21	191.057484477171
5	1	7	1	1	1	1	197.367874177535
5	1	8	1	1	1	29	203.267691115279
5	1	9	1	1	1	17	208.854667477378
5	1	10	1	1	1	4	213.741041080443
5	2	2	1	1	1	5	179.112676499571
5	2	3	1	1	1	30	192.967157594532
5	2	4	1	1	1	14	204.472445437009
5	2	5	1	1	1	3	214.768888476327
5	2	6	1	1	1	23	224.305816202136
5	2	7	1	1	1	22	234.990067054906
5	2	8	1	1	1	1	243.54746730806
5	2	9	1	1	1	17	251.734170800379
5	2	10	1	1	1	27	259.624083216045
5	3	1	1	1	1	23	169.99712782207
5	3	1	1	1	1	23	169.99712782207
5	3	2	1	1	1	1	193.728721238863
5	3	3	1	1	1	20	212.022823610031
5	3	4	1	1	1	4	226.685468809085
5	3	5	1	1	1	1	239.218708465009
5	3	6	1	1	1	26	251.644019405193
5	3	7	1	1	1	11	263.667647494591
5	3	8	1	1	1	1	274.474824693566
5	3	9	1	1	1	1	285.406583960177
5	3	10	1	1	1	1	297.487134047359
5	4	1	1	1	1	1	178.935407070626
5	4	1	1	1	1	1	178.935407070626
5	4	2	1	1	1	1	206.420799235332
5	4	3	1	1	1	1	227.328386333483
5	4	4	1	1	1	1	244.931974971199
5	4	5	1	1	1	8	259.728721554225
5	4	6	1	1	1	2	274.359882856732
5	4	7	1	1	1	1	289.240063312439
5	4	8	1	1	1	1	306.942598907325
5	5	1	1	1	1	1	186.703973356569
5	5	1	1	1	1	1	186.703973356569
5	5	2	1	1	1	1	217.510473240199
5	5	3	1	1	1	1	240.689716742554
5	5	4	1	1	1	1	260.638612127212
5	5	5	1	1	1	1	278.018862174678
5	5	6	1	1	1	1	297.672277794679
5	6	1	1	1	1	1	193.720167377023
5	6	1	1	1	1	1	193.720167377023
5	6	2	1	1	1	1	227.447156840886
5	6	3	1	1	1	1	252.951028594449
5	6	4	1	1	1	1	275.037768311838
5	6	5	1	1	1	1	297.687437496513
5	7	1	1	1	1	1	200.131895670403
5	7	1	1	1	1	1	200.131895670403
5	7	2	1	1	1	9	236.452954545699
5	7	3	1	1	1	1	264.340267221861
5	7	4	1	1	1	1	290.130008847311
5	8	1	1	1	1	1	206.586653600727
5	8	1	1	1	1	1	206.586653600727
5	8	2	1	1	1	1	244.783558600404
5	8	3	1	1	1	1	275.079043600489
5	8	4	1	1	1	1	307.95472213901
5	9	1	1	1	1	1	212.151460796172
5	9	1	1	1	1	1	212.151460796172
5	9	2	1	1	1	1	252.87693938443
5	9	3	1	1	1	1	285.938999410116
5	10	1	1	1	1	1	217.524798415778
5	10	1	1	1	1	1	217.524798415778
5	10	2	1	1	1	1	260.712354079205
5	10	3	1	1	1	1	298.515250569537
